# He I case-B collisional-radiative line emissivities 4 pi j / (n_e n_He+) [erg cm^3 s^-1] (density-dependent)
# Porter et al. (2012 ApJL 756 L14; 2013 erratum), from Cloudy c23.01 data/he1_case_b.dat; parsed by tools/fitting/make_hei_lines.py
# air wavelengths (Cloudy convention); grid: NT temperatures [K], ND densities [cm^-3]; then LINE label nu nl lambda[A], NT x ND values (T rows, n_e columns)
GRID 21 14
T  5.0000e+03 6.0000e+03 7.0000e+03 8.0000e+03 9.0000e+03 1.0000e+04 1.1000e+04 1.2000e+04 1.3000e+04 1.4000e+04 1.5000e+04 1.6000e+04 1.7000e+04 1.8000e+04 1.9000e+04 2.0000e+04 2.1000e+04 2.2000e+04 2.3000e+04 2.4000e+04 2.5000e+04
NE 1.0000e+01 1.0000e+02 1.0000e+03 1.0000e+04 1.0000e+05 1.0000e+06 1.0000e+07 1.0000e+08 1.0000e+09 1.0000e+10 1.0000e+11 1.0000e+12 1.0000e+13 1.0000e+14
LINE HeI3889 3 2 3888.63
2.2294e-25 2.2356e-25 2.2493e-25 2.2903e-25 2.3620e-25 2.4620e-25 2.6262e-25 2.9612e-25 3.7954e-25 5.4383e-25 7.9290e-25 9.1071e-25 1.4801e-24 3.4399e-24
1.9751e-25 1.9807e-25 1.9992e-25 2.0575e-25 2.1261e-25 2.2032e-25 2.3302e-25 2.6334e-25 3.6314e-25 5.4537e-25 7.2951e-25 7.1682e-25 1.0342e-24 1.7920e-24
1.7798e-25 1.7858e-25 1.8139e-25 1.9002e-25 1.9736e-25 2.0376e-25 2.1449e-25 2.4589e-25 3.7728e-25 6.0940e-25 7.6055e-25 6.5011e-25 7.8087e-25 1.0173e-24
1.6241e-25 1.6314e-25 1.6726e-25 1.7928e-25 1.8742e-25 1.9302e-25 2.0268e-25 2.3707e-25 4.0305e-25 6.7895e-25 7.8672e-25 5.8363e-25 5.7215e-25 6.2391e-25
1.4965e-25 1.5054e-25 1.5619e-25 1.7179e-25 1.8079e-25 1.8584e-25 1.9490e-25 2.3276e-25 4.2711e-25 7.1461e-25 7.6450e-25 4.9822e-25 4.1643e-25 4.1208e-25
1.3897e-25 1.4005e-25 1.4732e-25 1.6636e-25 1.7612e-25 1.8076e-25 1.8943e-25 2.3045e-25 4.4199e-25 7.0708e-25 7.0146e-25 4.1221e-25 3.0926e-25 2.8945e-25
1.2987e-25 1.3115e-25 1.4004e-25 1.6246e-25 1.7301e-25 1.7733e-25 1.8568e-25 2.2895e-25 4.4465e-25 6.6632e-25 6.2040e-25 3.3888e-25 2.3728e-25 2.1362e-25
1.2201e-25 1.2349e-25 1.3393e-25 1.5933e-25 1.7048e-25 1.7449e-25 1.8254e-25 2.2712e-25 4.3700e-25 6.1073e-25 5.4075e-25 2.8037e-25 1.8728e-25 1.6389e-25
1.1513e-25 1.1681e-25 1.2868e-25 1.5660e-25 1.6814e-25 1.7184e-25 1.7956e-25 2.2454e-25 4.2182e-25 5.5219e-25 4.7033e-25 2.3491e-25 1.5162e-25 1.2970e-25
1.0906e-25 1.1092e-25 1.2408e-25 1.5403e-25 1.6577e-25 1.6914e-25 1.7650e-25 2.2108e-25 4.0206e-25 4.9691e-25 4.1087e-25 1.9966e-25 1.2548e-25 1.0527e-25
1.0365e-25 1.0568e-25 1.1998e-25 1.5149e-25 1.6323e-25 1.6627e-25 1.7324e-25 2.1678e-25 3.8007e-25 4.4736e-25 3.6152e-25 1.7209e-25 1.0579e-25 8.7243e-26
9.8803e-26 1.0098e-25 1.1627e-25 1.4888e-25 1.6049e-25 1.6319e-25 1.6975e-25 2.1178e-25 3.5752e-25 4.0402e-25 3.2070e-25 1.5023e-25 9.0607e-26 7.3572e-26
9.4419e-26 9.6728e-26 1.1285e-25 1.4618e-25 1.5753e-25 1.5991e-25 1.6604e-25 2.0624e-25 3.3546e-25 3.6651e-25 2.8683e-25 1.3265e-25 7.8659e-26 6.2962e-26
9.0438e-26 9.2862e-26 1.0969e-25 1.4347e-25 1.5449e-25 1.5655e-25 1.6224e-25 2.0042e-25 3.1454e-25 3.3416e-25 2.5855e-25 1.1836e-25 6.9129e-26 5.4571e-26
8.6802e-26 8.9335e-26 1.0678e-25 1.4092e-25 1.5165e-25 1.5341e-25 1.5867e-25 1.9466e-25 2.9514e-25 3.0627e-25 2.3478e-25 1.0670e-25 6.1509e-26 4.7835e-26
8.3470e-26 8.6093e-26 1.0405e-25 1.3828e-25 1.4866e-25 1.5013e-25 1.5497e-25 1.8876e-25 2.7722e-25 2.8211e-25 2.1460e-25 9.6930e-26 5.5195e-26 4.2327e-26
8.0397e-26 8.3100e-26 1.0145e-25 1.3557e-25 1.4556e-25 1.4675e-25 1.5119e-25 1.8282e-25 2.6077e-25 2.6106e-25 1.9732e-25 8.8656e-26 4.9895e-26 3.7762e-26
7.7557e-26 8.0329e-26 9.8981e-26 1.3281e-25 1.4238e-25 1.4332e-25 1.4737e-25 1.7691e-25 2.4573e-25 2.4263e-25 1.8240e-25 8.1574e-26 4.5401e-26 3.3935e-26
7.4922e-26 7.7750e-26 9.6623e-26 1.3002e-25 1.3916e-25 1.3987e-25 1.4355e-25 1.7111e-25 2.3199e-25 2.2641e-25 1.6942e-25 7.5457e-26 4.1552e-26 3.0693e-26
7.2470e-26 7.5346e-26 9.4363e-26 1.2722e-25 1.3593e-25 1.3642e-25 1.3977e-25 1.6546e-25 2.1944e-25 2.1205e-25 1.5805e-25 7.0133e-26 3.8229e-26 2.7922e-26
7.0183e-26 7.3095e-26 9.2193e-26 1.2443e-25 1.3271e-25 1.3301e-25 1.3603e-25 1.5997e-25 2.0798e-25 1.9927e-25 1.4802e-25 6.5461e-26 3.5335e-26 2.5534e-26
LINE HeI4026 5 2 4026.20
5.3576e-26 5.3650e-26 5.3785e-26 5.4273e-26 5.5652e-26 5.7812e-26 6.1194e-26 6.7974e-26 9.0573e-26 1.9384e-25 5.1120e-25 7.7789e-25 8.6588e-25 8.8310e-25
4.5936e-26 4.5986e-26 4.6090e-26 4.6467e-26 4.7452e-26 4.8969e-26 5.1310e-26 5.6078e-26 7.2783e-26 1.4503e-25 3.4180e-25 4.9367e-25 5.3869e-25 5.4654e-25
4.0174e-26 4.0214e-26 4.0322e-26 4.0697e-26 4.1471e-26 4.2598e-26 4.4326e-26 4.8021e-26 6.2223e-26 1.1944e-25 2.5239e-25 3.4600e-25 3.7055e-25 3.7380e-25
3.5665e-26 3.5703e-26 3.5845e-26 3.6304e-26 3.6972e-26 3.7847e-26 3.9192e-26 4.2340e-26 5.5990e-26 1.0597e-25 2.0000e-25 2.5905e-25 2.7225e-25 2.7349e-25
3.2035e-26 3.2075e-26 3.2280e-26 3.2890e-26 3.3514e-26 3.4217e-26 3.5314e-26 3.8223e-26 5.2325e-26 9.8064e-26 1.6558e-25 2.0263e-25 2.0955e-25 2.1000e-25
2.9048e-26 2.9095e-26 2.9387e-26 3.0190e-26 3.0807e-26 3.1387e-26 3.2319e-26 3.5169e-26 5.0032e-26 9.1928e-26 1.4044e-25 1.6348e-25 1.6704e-25 1.6716e-25
2.6545e-26 2.6605e-26 2.7004e-26 2.8049e-26 2.8691e-26 2.9180e-26 2.9998e-26 3.2891e-26 4.8421e-26 8.6117e-26 1.2093e-25 1.3512e-25 1.3685e-25 1.3682e-25
2.4419e-26 2.4493e-26 2.5013e-26 2.6316e-26 2.6995e-26 2.7413e-26 2.8148e-26 3.1122e-26 4.6968e-26 8.0242e-26 1.0527e-25 1.1386e-25 1.1457e-25 1.1447e-25
2.2589e-26 2.2680e-26 2.3329e-26 2.4892e-26 2.5611e-26 2.5969e-26 2.6640e-26 2.9698e-26 4.5466e-26 7.4465e-26 9.2504e-26 9.7501e-26 9.7623e-26 9.7492e-26
2.0999e-26 2.1107e-26 2.1888e-26 2.3702e-26 2.4457e-26 2.4763e-26 2.5382e-26 2.8504e-26 4.3862e-26 6.8991e-26 8.2007e-26 8.4635e-26 8.4407e-26 8.4262e-26
1.9604e-26 1.9729e-26 2.0642e-26 2.2690e-26 2.3475e-26 2.3733e-26 2.4307e-26 2.7464e-26 4.2172e-26 6.3932e-26 7.3293e-26 7.4321e-26 7.3881e-26 7.3728e-26
1.8370e-26 1.8514e-26 1.9554e-26 2.1811e-26 2.2618e-26 2.2833e-26 2.3365e-26 2.6528e-26 4.0436e-26 5.9334e-26 6.5990e-26 6.5916e-26 6.5342e-26 6.5188e-26
1.7272e-26 1.7433e-26 1.8595e-26 2.1036e-26 2.1855e-26 2.2030e-26 2.2523e-26 2.5661e-26 3.8698e-26 5.5189e-26 5.9815e-26 5.8966e-26 5.8308e-26 5.8157e-26
1.6288e-26 1.6467e-26 1.7745e-26 2.0351e-26 2.1178e-26 2.1315e-26 2.1771e-26 2.4862e-26 3.7014e-26 5.1484e-26 5.4557e-26 5.3148e-26 5.2438e-26 5.2289e-26
1.5402e-26 1.5599e-26 1.6995e-26 1.9769e-26 2.0608e-26 2.0710e-26 2.1131e-26 2.4160e-26 3.5460e-26 4.8216e-26 5.0060e-26 4.8229e-26 4.7482e-26 4.7334e-26
1.4600e-26 1.4814e-26 1.6321e-26 1.9237e-26 2.0080e-26 2.0148e-26 2.0535e-26 2.3486e-26 3.3965e-26 4.5277e-26 4.6158e-26 4.4021e-26 4.3252e-26 4.3106e-26
1.3870e-26 1.4101e-26 1.5709e-26 1.8743e-26 1.9584e-26 1.9621e-26 1.9974e-26 2.2833e-26 3.2537e-26 4.2628e-26 4.2750e-26 4.0389e-26 3.9610e-26 3.9468e-26
1.3205e-26 1.3451e-26 1.5151e-26 1.8280e-26 1.9113e-26 1.9121e-26 1.9442e-26 2.2200e-26 3.1182e-26 4.0235e-26 3.9753e-26 3.7230e-26 3.6447e-26 3.6308e-26
1.2594e-26 1.2855e-26 1.4639e-26 1.7842e-26 1.8663e-26 1.8643e-26 1.8933e-26 2.1585e-26 2.9902e-26 3.8065e-26 3.7101e-26 3.4461e-26 3.3681e-26 3.3545e-26
1.2033e-26 1.2308e-26 1.4167e-26 1.7425e-26 1.8230e-26 1.8184e-26 1.8445e-26 2.0989e-26 2.8696e-26 3.6094e-26 3.4742e-26 3.2021e-26 3.1246e-26 3.1113e-26
1.1516e-26 1.1803e-26 1.3728e-26 1.7025e-26 1.7812e-26 1.7742e-26 1.7975e-26 2.0411e-26 2.7560e-26 3.4297e-26 3.2631e-26 2.9857e-26 2.9090e-26 2.8960e-26
LINE HeI4471 4 2 4471.49
1.1646e-25 1.1650e-25 1.1663e-25 1.1759e-25 1.2067e-25 1.2542e-25 1.3268e-25 1.4579e-25 1.7530e-25 2.8239e-25 7.7291e-25 2.2401e-24 3.2000e-24 3.3968e-24
9.8919e-26 9.8942e-26 9.9065e-26 9.9876e-26 1.0211e-25 1.0544e-25 1.1045e-25 1.1966e-25 1.4191e-25 2.1930e-25 5.3394e-25 1.3375e-24 1.7946e-24 1.8775e-24
8.5852e-26 8.5876e-26 8.6078e-26 8.7032e-26 8.8846e-26 9.1331e-26 9.5045e-26 1.0237e-25 1.2316e-25 1.8964e-25 4.1679e-25 9.0709e-25 1.1482e-24 1.1828e-24
7.5727e-26 7.5769e-26 7.6132e-26 7.7460e-26 7.9112e-26 8.1057e-26 8.3985e-26 9.0548e-26 1.1316e-25 1.7711e-25 3.5283e-25 6.6710e-25 7.9823e-25 8.1296e-25
6.7647e-26 6.7717e-26 6.8319e-26 7.0196e-26 7.1829e-26 7.3412e-26 7.5846e-26 8.2291e-26 1.0815e-25 1.7087e-25 3.0950e-25 5.1464e-25 5.8768e-25 5.9443e-25
6.1049e-26 6.1156e-26 6.2058e-26 6.4598e-26 6.6293e-26 6.7618e-26 6.9730e-26 7.6401e-26 1.0549e-25 1.6473e-25 2.7362e-25 4.0948e-25 4.5168e-25 4.5496e-25
5.5560e-26 5.5715e-26 5.6980e-26 6.0320e-26 6.2158e-26 6.3294e-26 6.5193e-26 7.2275e-26 1.0393e-25 1.5734e-25 2.4258e-25 3.3417e-25 3.5907e-25 3.6059e-25
5.0923e-26 5.1132e-26 5.2793e-26 5.6972e-26 5.8973e-26 5.9954e-26 6.1699e-26 6.9217e-26 1.0218e-25 1.4834e-25 2.1523e-25 2.7819e-25 2.9312e-25 2.9371e-25
4.6953e-26 4.7220e-26 4.9299e-26 5.4308e-26 5.6462e-26 5.7313e-26 5.8937e-26 6.6830e-26 9.9890e-26 1.3865e-25 1.9157e-25 2.3558e-25 2.4447e-25 2.4454e-25
4.3520e-26 4.3847e-26 4.6348e-26 5.2142e-26 5.4433e-26 5.5165e-26 5.6684e-26 6.4850e-26 9.7026e-26 1.2900e-25 1.7137e-25 2.0247e-25 2.0752e-25 2.0729e-25
4.0521e-26 4.0908e-26 4.3822e-26 5.0340e-26 5.2735e-26 5.3354e-26 5.4777e-26 6.3103e-26 9.3726e-26 1.1985e-25 1.5419e-25 1.7625e-25 1.7877e-25 1.7834e-25
3.7880e-26 3.8326e-26 4.1638e-26 4.8797e-26 5.1267e-26 5.1780e-26 5.3108e-26 6.1479e-26 9.0153e-26 1.1140e-25 1.3956e-25 1.5512e-25 1.5593e-25 1.5538e-25
3.5539e-26 3.6041e-26 3.9729e-26 4.7442e-26 4.9956e-26 5.0364e-26 5.1600e-26 5.9920e-26 8.6457e-26 1.0371e-25 1.2706e-25 1.3784e-25 1.3745e-25 1.3683e-25
3.3447e-26 3.4006e-26 3.8050e-26 4.6253e-26 4.8792e-26 4.9102e-26 5.0246e-26 5.8437e-26 8.2815e-26 9.6823e-26 1.1636e-25 1.2351e-25 1.2227e-25 1.2161e-25
3.1570e-26 3.2185e-26 3.6587e-26 4.5280e-26 4.7852e-26 4.8068e-26 4.9120e-26 5.7132e-26 7.9449e-26 9.0836e-26 1.0722e-25 1.1149e-25 1.0964e-25 1.0895e-25
2.9876e-26 3.0544e-26 3.5276e-26 4.4378e-26 4.6958e-26 4.7084e-26 4.8044e-26 5.5823e-26 7.6168e-26 8.5422e-26 9.9252e-26 1.0129e-25 9.9008e-26 9.8304e-26
2.8339e-26 2.9058e-26 3.4089e-26 4.3524e-26 4.6091e-26 4.6131e-26 4.7000e-26 5.4507e-26 7.3008e-26 8.0523e-26 9.2259e-26 9.2561e-26 8.9958e-26 8.9250e-26
2.6940e-26 2.7706e-26 3.3008e-26 4.2703e-26 4.5242e-26 4.5199e-26 4.5980e-26 5.3191e-26 6.9991e-26 7.6080e-26 8.6089e-26 8.5024e-26 8.2188e-26 8.1482e-26
2.5660e-26 2.6470e-26 3.2015e-26 4.1906e-26 4.4402e-26 4.4282e-26 4.4978e-26 5.1880e-26 6.7126e-26 7.2041e-26 8.0610e-26 7.8460e-26 7.5459e-26 7.4757e-26
2.4487e-26 2.5337e-26 3.1098e-26 4.1128e-26 4.3570e-26 4.3379e-26 4.3993e-26 5.0580e-26 6.4415e-26 6.8363e-26 7.5720e-26 7.2711e-26 6.9592e-26 6.8895e-26
2.3406e-26 2.4293e-26 3.0245e-26 4.0365e-26 4.2743e-26 4.2486e-26 4.3023e-26 4.9296e-26 6.1859e-26 6.5001e-26 7.1336e-26 6.7639e-26 6.4441e-26 6.3753e-26
LINE HeI5876 3 2 5875.64
3.5054e-25 3.4863e-25 3.4673e-25 3.4883e-25 3.5927e-25 3.7375e-25 3.9536e-25 4.3671e-25 5.2622e-25 7.0922e-25 1.2533e-24 3.2660e-24 9.2894e-24 2.3994e-23
2.9053e-25 2.8917e-25 2.8828e-25 2.9149e-25 2.9972e-25 3.0992e-25 3.2492e-25 3.5636e-25 4.4052e-25 6.0305e-25 1.0156e-24 2.4600e-24 6.5506e-24 1.2779e-23
2.4718e-25 2.4626e-25 2.4672e-25 2.5256e-25 2.6029e-25 2.6807e-25 2.7958e-25 3.0843e-25 4.1035e-25 5.9815e-25 9.7109e-25 2.1744e-24 5.0007e-24 7.3807e-24
2.1443e-25 2.1394e-25 2.1612e-25 2.2571e-25 2.3382e-25 2.4011e-25 2.4967e-25 2.7970e-25 4.0973e-25 6.3230e-25 9.7512e-25 1.9570e-24 3.7165e-24 4.5901e-24
1.8886e-25 1.8878e-25 1.9304e-25 2.0712e-25 2.1603e-25 2.2129e-25 2.2974e-25 2.6275e-25 4.2144e-25 6.6062e-25 9.5275e-25 1.6998e-24 2.7431e-24 3.0656e-24
1.6838e-25 1.6872e-25 1.7530e-25 1.9423e-25 2.0407e-25 2.0854e-25 2.1629e-25 2.5287e-25 4.3389e-25 6.6266e-25 8.9150e-25 1.4366e-24 2.0625e-24 2.1729e-24
1.5162e-25 1.5240e-25 1.6164e-25 1.8612e-25 1.9722e-25 2.0107e-25 2.0838e-25 2.4874e-25 4.4468e-25 6.4559e-25 8.1536e-25 1.2116e-24 1.6008e-24 1.6158e-24
1.3767e-25 1.3889e-25 1.5090e-25 1.8086e-25 1.9312e-25 1.9639e-25 2.0332e-25 2.4680e-25 4.4766e-25 6.1143e-25 7.3323e-25 1.0251e-24 1.2757e-24 1.2475e-24
1.2589e-25 1.2755e-25 1.4233e-25 1.7748e-25 1.9070e-25 1.9338e-25 1.9992e-25 2.4566e-25 4.4312e-25 5.6951e-25 6.5547e-25 8.7545e-25 1.0412e-24 9.9250e-25
1.1582e-25 1.1792e-25 1.3540e-25 1.7527e-25 1.8921e-25 1.9129e-25 1.9741e-25 2.4447e-25 4.3266e-25 5.2603e-25 5.8621e-25 7.5615e-25 8.6744e-25 8.0923e-25
1.0712e-25 1.0964e-25 1.2970e-25 1.7372e-25 1.8814e-25 1.8961e-25 1.9525e-25 2.4276e-25 4.1817e-25 4.8433e-25 5.2615e-25 6.6056e-25 7.3551e-25 6.7326e-25
9.9536e-26 1.0245e-25 1.2493e-25 1.7249e-25 1.8715e-25 1.8801e-25 1.9314e-25 2.4035e-25 4.0128e-25 4.4589e-25 4.7462e-25 5.8316e-25 6.3304e-25 5.6968e-25
9.2871e-26 9.6157e-26 1.2086e-25 1.7136e-25 1.8605e-25 1.8630e-25 1.9090e-25 2.3721e-25 3.8326e-25 4.1119e-25 4.3051e-25 5.1978e-25 5.5184e-25 4.8897e-25
8.6972e-26 9.0613e-26 1.1740e-25 1.7041e-25 1.8502e-25 1.8467e-25 1.8872e-25 2.3374e-25 3.6544e-25 3.8062e-25 3.9305e-25 4.6770e-25 4.8678e-25 4.2492e-25
8.1717e-26 8.5712e-26 1.1457e-25 1.7012e-25 1.8471e-25 1.8380e-25 1.8730e-25 2.3079e-25 3.4933e-25 3.5482e-25 3.6202e-25 4.2542e-25 4.3476e-25 3.7338e-25
7.7009e-26 8.1332e-26 1.1206e-25 1.6964e-25 1.8407e-25 1.8260e-25 1.8555e-25 2.2725e-25 3.3353e-25 3.3165e-25 3.3493e-25 3.8946e-25 3.9140e-25 3.3110e-25
7.2766e-26 7.7394e-26 1.0980e-25 1.6891e-25 1.8308e-25 1.8108e-25 1.8348e-25 2.2323e-25 3.1831e-25 3.1081e-25 3.1116e-25 3.5854e-25 3.5484e-25 2.9596e-25
6.8929e-26 7.3836e-26 1.0772e-25 1.6794e-25 1.8174e-25 1.7927e-25 1.8113e-25 2.1886e-25 3.0381e-25 2.9206e-25 2.9018e-25 3.3176e-25 3.2369e-25 2.6644e-25
6.5440e-26 7.0601e-26 1.0578e-25 1.6674e-25 1.8012e-25 1.7718e-25 1.7855e-25 2.1422e-25 2.9008e-25 2.7514e-25 2.7158e-25 3.0836e-25 2.9691e-25 2.4137e-25
6.2256e-26 6.7652e-26 1.0396e-25 1.6533e-25 1.7823e-25 1.7488e-25 1.7576e-25 2.0940e-25 2.7717e-25 2.5983e-25 2.5499e-25 2.8778e-25 2.7369e-25 2.1989e-25
5.9340e-26 6.4949e-26 1.0223e-25 1.6372e-25 1.7611e-25 1.7238e-25 1.7282e-25 2.0449e-25 2.6506e-25 2.4595e-25 2.4013e-25 2.6956e-25 2.5343e-25 2.0135e-25
LINE HeI6678 3 2 6678.15
1.0050e-25 9.9917e-26 9.9325e-26 9.9837e-26 1.0276e-25 1.0677e-25 1.1265e-25 1.2439e-25 1.5283e-25 2.1649e-25 4.2178e-25 1.0451e-24 2.8054e-24 6.6409e-24
8.3138e-26 8.2722e-26 8.2397e-26 8.3125e-26 8.5353e-26 8.8150e-26 9.2295e-26 1.0219e-25 1.3431e-25 1.9958e-25 3.6327e-25 8.2855e-25 1.9802e-24 3.4293e-24
7.0609e-26 7.0322e-26 7.0343e-26 7.1684e-26 7.3661e-26 7.5732e-26 7.8986e-26 8.9285e-26 1.3344e-25 2.1652e-25 3.7151e-25 7.8014e-25 1.5184e-24 1.9576e-24
6.1156e-26 6.0987e-26 6.1468e-26 6.3754e-26 6.5731e-26 6.7304e-26 7.0076e-26 8.1956e-26 1.4163e-25 2.4386e-25 3.9021e-25 7.3173e-25 1.1277e-24 1.2132e-24
5.3782e-26 5.3733e-26 5.4791e-26 5.8280e-26 6.0378e-26 6.1563e-26 6.4055e-26 7.8046e-26 1.5268e-25 2.6373e-25 3.8995e-25 6.4819e-25 8.2806e-25 8.0936e-25
4.7881e-26 4.7956e-26 4.9692e-26 5.4547e-26 5.6817e-26 5.7659e-26 5.9958e-26 7.6171e-26 1.6238e-25 2.6877e-25 3.6809e-25 5.5123e-25 6.1787e-25 5.7330e-25
4.3056e-26 4.3261e-26 4.5756e-26 5.2128e-26 5.4619e-26 5.5134e-26 5.7282e-26 7.5743e-26 1.7008e-25 2.6371e-25 3.3815e-25 4.6813e-25 4.7685e-25 4.2623e-25
3.9045e-26 3.9384e-26 4.2688e-26 5.0600e-26 5.3289e-26 5.3479e-26 5.5475e-26 7.5856e-26 1.7360e-25 2.5009e-25 3.0405e-25 3.9633e-25 3.7720e-25 3.2890e-25
3.5660e-26 3.6136e-26 4.0273e-26 4.9678e-26 5.2522e-26 5.2385e-26 5.4215e-26 7.6101e-26 1.7332e-25 2.3256e-25 2.7110e-25 3.3736e-25 3.0531e-25 2.6149e-25
3.2770e-26 3.3383e-26 3.8350e-26 4.9150e-26 5.2095e-26 5.1633e-26 5.3277e-26 7.6238e-26 1.7015e-25 2.1413e-25 2.4150e-25 2.8971e-25 2.5219e-25 2.1303e-25
3.0277e-26 3.1023e-26 3.6802e-26 4.8862e-26 5.1853e-26 5.1069e-26 5.2511e-26 7.6145e-26 1.6500e-25 1.9639e-25 2.1573e-25 2.5125e-25 2.1201e-25 1.7708e-25
2.8105e-26 2.8981e-26 3.5535e-26 4.8701e-26 5.1682e-26 5.0591e-26 5.1820e-26 7.5772e-26 1.5866e-25 1.8004e-25 1.9361e-25 2.2002e-25 1.8095e-25 1.4970e-25
2.6198e-26 2.7198e-26 3.4483e-26 4.8594e-26 5.1517e-26 5.0131e-26 5.1146e-26 7.5122e-26 1.5172e-25 1.6531e-25 1.7468e-25 1.9443e-25 1.5649e-25 1.2838e-25
2.4510e-26 2.5629e-26 3.3594e-26 4.8508e-26 5.1343e-26 4.9679e-26 5.0478e-26 7.4283e-26 1.4477e-25 1.5242e-25 1.5871e-25 1.7348e-25 1.3693e-25 1.1145e-25
2.3009e-26 2.4239e-26 3.2835e-26 4.8469e-26 5.1208e-26 4.9278e-26 4.9867e-26 7.3431e-26 1.3846e-25 1.4166e-25 1.4568e-25 1.5660e-25 1.2118e-25 9.7796e-26
2.1664e-26 2.2999e-26 3.2171e-26 4.8382e-26 5.0999e-26 4.8822e-26 4.9207e-26 7.2377e-26 1.3223e-25 1.3200e-25 1.3429e-25 1.4222e-25 1.0815e-25 8.6608e-26
2.0454e-26 2.1886e-26 3.1579e-26 4.8235e-26 5.0710e-26 4.8309e-26 4.8499e-26 7.1162e-26 1.2619e-25 1.2333e-25 1.2429e-25 1.2987e-25 9.7239e-26 7.7320e-26
1.9360e-26 2.0882e-26 3.1041e-26 4.8024e-26 5.0343e-26 4.7740e-26 4.7746e-26 6.9828e-26 1.2042e-25 1.1553e-25 1.1546e-25 1.1919e-25 8.8018e-26 6.9523e-26
1.8366e-26 1.9972e-26 3.0544e-26 4.7751e-26 4.9905e-26 4.7122e-26 4.6956e-26 6.8405e-26 1.1495e-25 1.0851e-25 1.0763e-25 1.0990e-25 8.0146e-26 6.2910e-26
1.7459e-26 1.9143e-26 3.0079e-26 4.7419e-26 4.9403e-26 4.6460e-26 4.6137e-26 6.6928e-26 1.0979e-25 1.0216e-25 1.0066e-25 1.0175e-25 7.3374e-26 5.7251e-26
1.6630e-26 1.8384e-26 2.9639e-26 4.7033e-26 4.8847e-26 4.5764e-26 4.5297e-26 6.5415e-26 1.0495e-25 9.6418e-26 9.4421e-26 9.4571e-26 6.7501e-26 5.2368e-26
LINE HeI7065 3 2 7065.22
4.2238e-26 4.2411e-26 4.3306e-26 4.6747e-26 5.0020e-26 5.2177e-26 5.5620e-26 6.7439e-26 1.1795e-25 2.0130e-25 3.2454e-25 6.3617e-25 1.5744e-24 3.5189e-24
3.8168e-26 3.8439e-26 4.0315e-26 4.6965e-26 5.1743e-26 5.3920e-26 5.7557e-26 7.4908e-26 1.6893e-25 3.3274e-25 5.1670e-25 8.6766e-25 1.4010e-24 1.7950e-24
3.5037e-26 3.5463e-26 3.8677e-26 4.9066e-26 5.5344e-26 5.7637e-26 6.1696e-26 8.5100e-26 2.2517e-25 4.7388e-25 6.9579e-25 1.0125e-24 1.1553e-24 9.7645e-25
3.2537e-26 3.3153e-26 3.7895e-26 5.2068e-26 5.9664e-26 6.2075e-26 6.6579e-26 9.5521e-26 2.7439e-25 5.7776e-25 7.8763e-25 9.8569e-25 8.4176e-25 5.6947e-25
3.0485e-26 3.1303e-26 3.7613e-26 5.5252e-26 6.3884e-26 6.6367e-26 7.1230e-26 1.0460e-25 3.0862e-25 6.1796e-25 7.7518e-25 8.4475e-25 5.8849e-25 3.5882e-25
2.8760e-26 2.9780e-26 3.7586e-26 5.8180e-26 6.7537e-26 7.0028e-26 7.5126e-26 1.1160e-25 3.2557e-25 6.0105e-25 6.9659e-25 6.7988e-25 4.1616e-25 2.4191e-25
2.7286e-26 2.8504e-26 3.7748e-26 6.1158e-26 7.1238e-26 7.3728e-26 7.8962e-26 1.1735e-25 3.2880e-25 5.5261e-25 5.9869e-25 5.3796e-25 3.0318e-25 1.7227e-25
2.6008e-26 2.7406e-26 3.7931e-26 6.3600e-26 7.4133e-26 7.6560e-26 8.1801e-26 1.2091e-25 3.2036e-25 4.9109e-25 5.0419e-25 4.2690e-25 2.2825e-25 1.2821e-25
2.4885e-26 2.6444e-26 3.8075e-26 6.5453e-26 7.6192e-26 7.8502e-26 8.3641e-26 1.2249e-25 3.0452e-25 4.2962e-25 4.2307e-25 3.4324e-25 1.7720e-25 9.8878e-26
2.3887e-26 2.5589e-26 3.8149e-26 6.6721e-26 7.7460e-26 7.9610e-26 8.4563e-26 1.2239e-25 2.8481e-25 3.7408e-25 3.5672e-25 2.8056e-25 1.4134e-25 7.8495e-26
2.2994e-26 2.4818e-26 3.8136e-26 6.7447e-26 7.8019e-26 7.9982e-26 8.4688e-26 1.2095e-25 2.6374e-25 3.2617e-25 3.0338e-25 2.3319e-25 1.1537e-25 6.3818e-26
2.2189e-26 2.4115e-26 3.8036e-26 6.7692e-26 7.7970e-26 7.9730e-26 8.4147e-26 1.1851e-25 2.4289e-25 2.8572e-25 2.6061e-25 1.9687e-25 9.6062e-26 5.2929e-26
2.1456e-26 2.3468e-26 3.7849e-26 6.7529e-26 7.7423e-26 7.8970e-26 8.3079e-26 1.1535e-25 2.2315e-25 2.5183e-25 2.2614e-25 1.6857e-25 8.1349e-26 4.4641e-26
2.0787e-26 2.2873e-26 3.7621e-26 6.7152e-26 7.6639e-26 7.7981e-26 8.1779e-26 1.1192e-25 2.0521e-25 2.2372e-25 1.9839e-25 1.4635e-25 6.9955e-26 3.8201e-26
2.0174e-26 2.2332e-26 3.7447e-26 6.6933e-26 7.6096e-26 7.7250e-26 8.0744e-26 1.0883e-25 1.8978e-25 2.0099e-25 1.7637e-25 1.2900e-25 6.1090e-26 3.3118e-26
1.9608e-26 2.1826e-26 3.7211e-26 6.6455e-26 7.5252e-26 7.6222e-26 7.9418e-26 1.0549e-25 1.7576e-25 1.8169e-25 1.5806e-25 1.1483e-25 5.3932e-26 2.9019e-26
1.9083e-26 2.1351e-26 3.6920e-26 6.5767e-26 7.4170e-26 7.4965e-26 7.7872e-26 1.0200e-25 1.6311e-25 1.6521e-25 1.4269e-25 1.0311e-25 4.8065e-26 2.5666e-26
1.8596e-26 2.0902e-26 3.6581e-26 6.4911e-26 7.2909e-26 7.3539e-26 7.6171e-26 9.8465e-26 1.5172e-25 1.5104e-25 1.2967e-25 9.3293e-26 4.3196e-26 2.2888e-26
1.8140e-26 2.0476e-26 3.6204e-26 6.3923e-26 7.1514e-26 7.1991e-26 7.4365e-26 9.4940e-26 1.4147e-25 1.3879e-25 1.1854e-25 8.4992e-26 3.9107e-26 2.0560e-26
1.7714e-26 2.0072e-26 3.5794e-26 6.2838e-26 7.0026e-26 7.0364e-26 7.2499e-26 9.1477e-26 1.3225e-25 1.2812e-25 1.0896e-25 7.7906e-26 3.5639e-26 1.8590e-26
1.7313e-26 1.9688e-26 3.5358e-26 6.1679e-26 6.8476e-26 6.8688e-26 7.0601e-26 8.8109e-26 1.2395e-25 1.1879e-25 1.0065e-25 7.1804e-26 3.2669e-26 1.6907e-26
LINE HeI7281 3 2 7281.35
1.3254e-26 1.3302e-26 1.3425e-26 1.3822e-26 1.4330e-26 1.4850e-26 1.5657e-26 1.7920e-26 2.6644e-26 4.0761e-26 6.3773e-26 1.1866e-25 2.4009e-25 5.0318e-25
1.1926e-26 1.1976e-26 1.2186e-26 1.2885e-26 1.3489e-26 1.3921e-26 1.4665e-26 1.7855e-26 3.4686e-26 6.3516e-26 9.5387e-26 1.3715e-25 1.7761e-25 2.4966e-25
1.0902e-26 1.0963e-26 1.1312e-26 1.2414e-26 1.3155e-26 1.3551e-26 1.4329e-26 1.8783e-26 4.5507e-26 9.2172e-26 1.3076e-25 1.5420e-25 1.3654e-25 1.3740e-25
1.0081e-26 1.0161e-26 1.0686e-26 1.2235e-26 1.3120e-26 1.3501e-26 1.4354e-26 2.0130e-26 5.6252e-26 1.1638e-25 1.5300e-25 1.5032e-25 9.8601e-26 8.2467e-26
9.4061e-27 9.5087e-27 1.0227e-26 1.2221e-26 1.3235e-26 1.3608e-26 1.4542e-26 2.1528e-26 6.4835e-26 1.2904e-25 1.5573e-25 1.3042e-25 6.9838e-26 5.3569e-26
8.8383e-27 8.9658e-27 9.8810e-27 1.2285e-26 1.3402e-26 1.3765e-26 1.4771e-26 2.2759e-26 7.0257e-26 1.2975e-25 1.4430e-25 1.0651e-25 5.0341e-26 3.7123e-26
8.3524e-27 8.5035e-27 9.6026e-27 1.2376e-26 1.3585e-26 1.3937e-26 1.5000e-26 2.3777e-26 7.2743e-26 1.2287e-25 1.2744e-25 8.5627e-26 3.7542e-26 2.7095e-26
7.9305e-27 8.1044e-27 9.3724e-27 1.2455e-26 1.3726e-26 1.4062e-26 1.5161e-26 2.4478e-26 7.2555e-26 1.1207e-25 1.0989e-25 6.8876e-26 2.8849e-26 2.0589e-26
7.5600e-27 7.7548e-27 9.1736e-27 1.2503e-26 1.3806e-26 1.4121e-26 1.5237e-26 2.4865e-26 7.0477e-26 1.0031e-25 9.4117e-26 5.5999e-26 2.2788e-26 1.6159e-26
7.2312e-27 7.4453e-27 8.9948e-27 1.2510e-26 1.3821e-26 1.4108e-26 1.5224e-26 2.4970e-26 6.7240e-26 8.9131e-26 8.0779e-26 4.6187e-26 1.8440e-26 1.3020e-26
6.9371e-27 7.1680e-27 8.8288e-27 1.2473e-26 1.3770e-26 1.4028e-26 1.5129e-26 2.4839e-26 6.3416e-26 7.9130e-26 6.9772e-26 3.8664e-26 1.5234e-26 1.0721e-26
6.6719e-27 6.9177e-27 8.6704e-27 1.2394e-26 1.3662e-26 1.3888e-26 1.4963e-26 2.4519e-26 5.9394e-26 7.0440e-26 6.0752e-26 3.2828e-26 1.2811e-26 8.9888e-27
6.4313e-27 6.6898e-27 8.5173e-27 1.2277e-26 1.3503e-26 1.3697e-26 1.4738e-26 2.4057e-26 5.5418e-26 6.2983e-26 5.3347e-26 2.8235e-26 1.0938e-26 7.6530e-27
6.2117e-27 6.4808e-27 8.3670e-27 1.2132e-26 1.3309e-26 1.3472e-26 1.4475e-26 2.3512e-26 5.1686e-26 5.6680e-26 4.7289e-26 2.4588e-26 9.4652e-27 6.6018e-27
6.0101e-27 6.2878e-27 8.2175e-27 1.1969e-26 1.3099e-26 1.3232e-26 1.4200e-26 2.2957e-26 4.8384e-26 5.1498e-26 4.2402e-26 2.1687e-26 8.2905e-27 5.7600e-27
5.8242e-27 6.1090e-27 8.0697e-27 1.1784e-26 1.2862e-26 1.2967e-26 1.3895e-26 2.2348e-26 4.5314e-26 4.7023e-26 3.8281e-26 1.9299e-26 7.3335e-27 5.0750e-27
5.6524e-27 5.9426e-27 7.9237e-27 1.1581e-26 1.2604e-26 1.2682e-26 1.3571e-26 2.1706e-26 4.2484e-26 4.3142e-26 3.4778e-26 1.7312e-26 6.5433e-27 4.5103e-27
5.4928e-27 5.7874e-27 7.7795e-27 1.1365e-26 1.2333e-26 1.2386e-26 1.3235e-26 2.1048e-26 3.9892e-26 3.9761e-26 3.1777e-26 1.5641e-26 5.8832e-27 4.0389e-27
5.3439e-27 5.6418e-27 7.6370e-27 1.1139e-26 1.2052e-26 1.2082e-26 1.2893e-26 2.0388e-26 3.7524e-26 3.6800e-26 2.9188e-26 1.4223e-26 5.3259e-27 3.6412e-27
5.2049e-27 5.5050e-27 7.4965e-27 1.0908e-26 1.1767e-26 1.1776e-26 1.2550e-26 1.9735e-26 3.5364e-26 3.4195e-26 2.6938e-26 1.3009e-26 4.8509e-27 3.3026e-27
5.0746e-27 5.3763e-27 7.3583e-27 1.0674e-26 1.1480e-26 1.1471e-26 1.2209e-26 1.9095e-26 3.3393e-26 3.1890e-26 2.4972e-26 1.1961e-26 4.4427e-27 3.0118e-27
LINE HeI10830 2 2 10830.25
4.8838e-25 5.0794e-25 6.8135e-25 1.3951e-24 1.9535e-24 2.1344e-24 2.4186e-24 4.1140e-24 1.3099e-23 2.7625e-23 4.7876e-23 9.3435e-23 1.5677e-22 1.4250e-22
4.2234e-25 4.4869e-25 6.7384e-25 1.4877e-24 2.0222e-24 2.1816e-24 2.4475e-24 4.1547e-24 1.4264e-23 3.1933e-23 5.1671e-23 8.8158e-23 1.2056e-22 6.8355e-23
3.7355e-25 4.0872e-25 7.0026e-25 1.6499e-24 2.1964e-24 2.3489e-24 2.6162e-24 4.4242e-24 1.5697e-23 3.5837e-23 5.4120e-23 8.0238e-23 8.1969e-23 2.9870e-23
3.3573e-25 3.7840e-25 7.2359e-25 1.7585e-24 2.2973e-24 2.4398e-24 2.7002e-24 4.5257e-24 1.6040e-23 3.5708e-23 4.9809e-23 6.3663e-23 4.9304e-23 1.3809e-23
3.0546e-25 3.5424e-25 7.4090e-25 1.8234e-24 2.3433e-24 2.4745e-24 2.7230e-24 4.5111e-24 1.5558e-23 3.2450e-23 4.1575e-23 4.6406e-23 2.9298e-23 7.1008e-24
2.8059e-25 3.3424e-25 7.5176e-25 1.8540e-24 2.3484e-24 2.4676e-24 2.7013e-24 4.4154e-24 1.4526e-23 2.7680e-23 3.2758e-23 3.2856e-23 1.8139e-23 4.0408e-24
2.5996e-25 3.1923e-25 7.7434e-25 1.9271e-24 2.4190e-24 2.5315e-24 2.7558e-24 4.4194e-24 1.3605e-23 2.3458e-23 2.5950e-23 2.3972e-23 1.1952e-23 2.4891e-24
2.4240e-25 3.0618e-25 7.8990e-25 1.9696e-24 2.4504e-24 2.5543e-24 2.7661e-24 4.3494e-24 1.2431e-23 1.9469e-23 2.0420e-23 1.7791e-23 8.2750e-24 1.6419e-24
2.2724e-25 2.9458e-25 7.9928e-25 1.9870e-24 2.4506e-24 2.5449e-24 2.7421e-24 4.2270e-24 1.1186e-23 1.6076e-23 1.6185e-23 1.3529e-23 5.9889e-24 1.1446e-24
2.1400e-25 2.8412e-25 8.0343e-25 1.9843e-24 2.4264e-24 2.5108e-24 2.6924e-24 4.0695e-24 9.9809e-24 1.3327e-23 1.3005e-23 1.0553e-23 4.5019e-24 8.3466e-25
2.0232e-25 2.7454e-25 8.0321e-25 1.9659e-24 2.3841e-24 2.4584e-24 2.6242e-24 3.8906e-24 8.8744e-24 1.1141e-23 1.0614e-23 8.4295e-24 3.4941e-24 6.3144e-25
1.9192e-25 2.6569e-25 7.9939e-25 1.9355e-24 2.3284e-24 2.3929e-24 2.5433e-24 3.7009e-24 7.8891e-24 9.4107e-24 8.7995e-24 6.8784e-24 2.7859e-24 4.9247e-25
1.8261e-25 2.5745e-25 7.9268e-25 1.8963e-24 2.2634e-24 2.3187e-24 2.4543e-24 3.5082e-24 7.0270e-24 8.0351e-24 7.4041e-24 5.7191e-24 2.2722e-24 3.9399e-25
1.7424e-25 2.5002e-25 7.8592e-25 1.8579e-24 2.2017e-24 2.2486e-24 2.3706e-24 3.3300e-24 6.2990e-24 6.9539e-24 6.3323e-24 4.8445e-24 1.8899e-24 3.2171e-25
1.6673e-25 2.4397e-25 7.8468e-25 1.8383e-24 2.1652e-24 2.2050e-24 2.3152e-24 3.1937e-24 5.7256e-24 6.1365e-24 5.5318e-24 4.1925e-24 1.5992e-24 2.6655e-25
1.5989e-25 2.3819e-25 7.8089e-25 1.8113e-24 2.1208e-24 2.1538e-24 2.2528e-24 3.0552e-24 5.2192e-24 5.4570e-24 4.8785e-24 3.6694e-24 1.3721e-24 2.2446e-25
1.5361e-25 2.3266e-25 7.7500e-25 1.7786e-24 2.0706e-24 2.0973e-24 2.1859e-24 2.9178e-24 4.7727e-24 4.8874e-24 4.3395e-24 3.2438e-24 1.1915e-24 1.9167e-25
1.4783e-25 2.2737e-25 7.6745e-25 1.7419e-24 2.0167e-24 2.0377e-24 2.1166e-24 2.7837e-24 4.3795e-24 4.4065e-24 3.8899e-24 2.8929e-24 1.0458e-24 1.6570e-25
1.4249e-25 2.2227e-25 7.5854e-25 1.7024e-24 1.9605e-24 1.9763e-24 2.0464e-24 2.6545e-24 4.0325e-24 3.9970e-24 3.5114e-24 2.6003e-24 9.2651e-25 1.4478e-25
1.3755e-25 2.1739e-25 7.4862e-25 1.6610e-24 1.9033e-24 1.9143e-24 1.9764e-24 2.5312e-24 3.7258e-24 3.6459e-24 3.1898e-24 2.3536e-24 8.2768e-25 1.2772e-25
1.3294e-25 2.1268e-25 7.3787e-25 1.6186e-24 1.8458e-24 1.8527e-24 1.9075e-24 2.4140e-24 3.4538e-24 3.3426e-24 2.9142e-24 2.1437e-24 7.4485e-25 1.1362e-25
