# MoCHII n-level atom data: [S III] (s_3), lowest 6 levels
# source: CHIANTI v11.0.2 .elvlc/.wgfa/.scups (tools/fitting/fit_nlevel.py)
# levels: index  g  E[cm^-1] (observed preferred)
# rad: l u A[s^-1] (duplicate rows summed)
# ups: l u type C dE[Ry] st_lo st_hi logf ncheb c_0..c_{n-1} maxerr
#   logf=1: the series stores log10 of the scaled Upsilon (apply 10^y before descaling)
#   Upsilon(T) = Burgess-Tully descaled Chebyshev series; see fit_nlevel.py header for the evaluation recipe
# fit range: 1.0e+03 - 1.0e+05 K; worst transition fit error: 0.29%
# generated on 2026-07-11
NLEV 6
    1    1.0          0.0000
    2    3.0        298.5000
    3    5.0        833.1000
    4    5.0      11323.8000
    5    1.0      27162.5000
    6    5.0      58671.8010
NRAD 12
    1   2  3.418000e-04
    1   3  2.277000e-08
    1   4  5.638000e-06
    2   3  1.430000e-03
    2   4  1.953000e-02
    2   5  6.876000e-01
    2   6  4.449000e+03
    3   4  5.157000e-02
    3   5  9.532000e-03
    3   6  1.232000e+04
    4   5  2.189000e+00
    4   6  3.450000e+00
NUPS 15
    1   2  2 4.411000e+01 2.722000e-03 5.01073644e-02 8.40638861e-01 0 10  2.03737222e+00 -2.11757904e-01 -1.67176024e-01 1.10449123e-02 -1.72738691e-02 -2.64418284e-02 5.65194035e-03 -5.11493868e-04 -2.85570336e-03 2.10326821e-03  0.078%
    1   3  2 1.582000e+01 7.592000e-03 5.00922972e-02 8.40596443e-01 0  8  1.12677700e+00 1.96851581e-01 -6.01398563e-03 -6.48740025e-02 -1.75118759e-02 -6.22966856e-03 4.47059047e-03 -3.95425483e-03  0.195%
    1   4  2 1.164000e+00 1.032000e-01 5.00846284e-02 8.40574845e-01 1 10  -1.34461868e-01 1.56941240e-03 -2.00043094e-02 -1.99829961e-02 -8.10462722e-03 4.17860340e-03 -5.35245628e-03 2.00460046e-03 -9.06473931e-04 3.31423012e-04  0.177%
    1   5  2 4.852000e-01 2.475000e-01 5.00996038e-02 8.40617016e-01 0 13  1.37503563e-01 4.96682413e-02 -3.48671107e-03 -2.82842183e-03 -3.67603235e-03 -1.01041688e-03 -4.09303523e-04 1.31472468e-04 -2.70441040e-05 1.98443058e-04 3.46166966e-05 -3.68927681e-05 5.47714156e-05  0.068%
    1   6  2 2.246000e-01 5.347000e-01 5.00969804e-02 8.40609630e-01 1 11  -3.63089464e-01 -1.03275577e-01 2.02537492e-02 -1.85409967e-02 -1.62286571e-02 6.12423415e-03 -3.61242976e-03 1.24943006e-03 -1.10120584e-03 7.22339145e-04 -7.08105056e-04  0.292%
    2   3  2 2.466000e+01 4.870000e-03 5.00967506e-02 8.40608983e-01 0 11  5.09690138e+00 1.49749583e-01 -2.07206134e-01 -1.26585603e-01 -6.20684819e-02 -4.73086398e-02 1.25508885e-02 -8.66761418e-03 -2.22481881e-03 5.18136526e-03 -3.89717713e-03  0.078%
    2   4  2 1.195000e+00 1.005000e-01 5.00954430e-02 8.40605301e-01 1 11  3.40743629e-01 3.28119971e-03 -1.86321908e-02 -2.06608464e-02 -7.51207207e-03 3.69344752e-03 -5.32375631e-03 1.72192238e-03 -1.11687212e-03 3.98015917e-04 -3.19389728e-04  0.201%
    2   5  2 4.905000e-01 2.448000e-01 5.01045976e-02 8.40631074e-01 0 10  3.32535545e-01 8.33468158e-02 -3.04066804e-02 -8.46339824e-03 -1.12995241e-02 -2.51896174e-03 -4.29372152e-04 5.64893796e-04 -3.90894124e-04 3.00835883e-04  0.106%
    2   6  4 1.100000e+00 5.319000e-01 1.01500462e-01 8.85013467e-01 1 13  7.70005209e-01 -5.20430423e-01 -8.97709319e-02 -3.14611972e-02 -3.19090713e-02 -8.21063810e-03 -4.69964176e-03 -6.68688911e-04 -1.55838751e-03 2.12434925e-04 -1.01964028e-04 7.76551455e-04 -5.19520596e-04  0.227%
    3   4  2 1.256000e+00 9.559000e-02 5.01098936e-02 8.40645980e-01 0  9  4.06084586e+00 -4.43932932e-02 -1.87781824e-01 -1.80605289e-01 -6.70184681e-02 3.60858601e-02 -4.14720005e-02 1.73128104e-02 -8.07426792e-03  0.199%
    3   5  2 5.005000e-01 2.399000e-01 5.01063615e-02 8.40636039e-01 0  9  5.47839486e-01 1.38225922e-01 -5.23132427e-02 -1.31253661e-02 -1.86976167e-02 -3.96359595e-03 -8.25918936e-04 1.23030626e-03 -6.85419294e-04  0.121%
    3   6  4 1.100000e+00 5.271000e-01 1.02325697e-01 8.85664875e-01 1 13  9.91961280e-01 -5.21324190e-01 -8.95883507e-02 -3.17966538e-02 -3.18757497e-02 -8.76261449e-03 -4.74706832e-03 -2.47393541e-04 -1.20997434e-03 2.56332364e-04 -5.06417625e-04 3.01114295e-04 -2.92203222e-04  0.091%
    4   5  2 8.321000e-01 1.443000e-01 5.01055370e-02 8.40633718e-01 0 10  1.49721591e+00 6.25001356e-01 -9.75577834e-02 -8.53486011e-02 1.17328834e-02 -2.35460877e-02 -1.96000918e-04 6.25028792e-03 -3.94050310e-03 1.59335065e-03  0.176%
    4   6  4 1.100000e+00 4.315000e-01 1.22096852e-01 8.98934704e-01 1 13  -1.36195220e+00 3.50789796e-01 -1.08438681e-01 -1.83404573e-01 -2.65397345e-02 1.66748662e-02 -1.41329828e-02 -9.12390107e-03 1.09862761e-03 8.21835061e-04 -1.98823808e-03 3.76893247e-05 4.90230866e-04  0.188%
    5   6  2 4.182000e-01 2.871000e-01 5.01082365e-02 8.40641316e-01 0 13  4.80522807e-03 4.98582313e-03 -1.27918514e-04 -8.82976010e-04 -1.76660917e-04 -1.78976092e-05 -2.23651913e-05 -1.09186723e-05 8.84646748e-06 3.27222166e-08 -4.34791465e-06 1.89984078e-06 -5.78409730e-07  0.221%
