# MoCHII Tier-2 n-level atom data: H I (h_1), lowest 25 levels
# source: CHIANTI v11.0.2 .elvlc/.wgfa/.scups (tools/fitting/fit_nlevel_tier2.py)
# levels: index  g  E[cm^-1] (observed preferred)
# rad: l u A[s^-1] (duplicate rows summed)
# ups: l u type C dE[Ry] st_lo st_hi logf ncheb c_0..c_{n-1} maxerr
#   logf=1: the series stores log10 of the scaled Upsilon (apply 10^y before descaling)
#   Upsilon(T) = Burgess-Tully descaled Chebyshev series; see fit_nlevel_tier2.py header for the evaluation recipe
# fit range: 1.0e+03 - 1.0e+05 K; worst transition fit error: 0.20%
# generated on 2026-07-11
NLEV 25
    1    2.0          0.0000
    2    2.0      82258.9560
    3    2.0      82258.9210
    4    4.0      82259.2870
    5    2.0      97492.2240
    6    2.0      97492.2130
    7    4.0      97492.3210
    8    4.0      97492.3210
    9    6.0      97492.3570
   10    2.0     102823.8550
   11    2.0     102823.8510
   12    4.0     102823.8960
   13    4.0     102823.8960
   14    6.0     102823.9110
   15    6.0     102823.9110
   16    8.0     102823.9190
   17    2.0     105291.6330
   18    2.0     105291.6310
   19    4.0     105291.6540
   20    4.0     105291.6540
   21    6.0     105291.6620
   22    6.0     105291.6620
   23    8.0     105291.6660
   24    8.0     105291.6660
   25   10.0     105291.6680
NRAD 75
    1   2  8.229002e+00
    1   3  6.260000e+08
    1   4  6.260000e+08
    1   6  1.670000e+08
    1   7  1.670000e+08
    1  11  6.820000e+07
    1  12  6.820000e+07
    1  18  3.440000e+07
    1  19  3.440000e+07
    2   6  2.240000e+07
    2   7  2.240000e+07
    2  11  9.670000e+06
    2  12  9.670000e+06
    2  18  4.950000e+06
    2  19  4.950000e+06
    3   5  2.100000e+06
    3   8  5.390000e+07
    3  10  8.590000e+05
    3  13  1.720000e+07
    3  17  4.300000e+05
    3  20  7.850000e+06
    4   5  4.210000e+06
    4   8  1.080000e+07
    4   9  6.460000e+07
    4  10  1.720000e+06
    4  13  3.440000e+06
    4  14  2.060000e+07
    4  17  8.590000e+05
    4  20  1.570000e+06
    4  21  9.420000e+06
    5  11  3.060000e+06
    5  12  3.060000e+06
    5  18  1.640000e+06
    5  19  1.640000e+06
    6  10  6.120000e+05
    6  13  5.860000e+06
    6  17  3.020000e+05
    6  20  2.830000e+06
    7  10  1.220000e+06
    7  13  1.170000e+06
    7  14  7.040000e+06
    7  17  6.030000e+05
    7  20  5.650000e+05
    7  21  3.390000e+06
    8  11  3.480000e+05
    8  12  3.480000e+04
    8  15  1.290000e+07
    8  18  1.500000e+05
    8  19  1.500000e+04
    8  22  4.240000e+06
    9  12  3.130000e+05
    9  15  9.190000e+05
    9  16  1.380000e+07
    9  19  1.350000e+05
    9  22  3.030000e+05
    9  23  4.540000e+06
   10  18  7.370000e+05
   10  19  7.370000e+05
   11  17  2.150000e+05
   11  20  1.240000e+06
   12  17  4.300000e+05
   12  20  2.480000e+05
   12  21  1.490000e+06
   13  18  1.880000e+05
   13  19  1.880000e+04
   13  22  2.410000e+06
   14  19  1.700000e+05
   14  22  1.720000e+05
   14  23  2.580000e+06
   15  20  5.050000e+04
   15  21  2.400000e+03
   15  24  3.830000e+06
   16  21  4.810000e+04
   16  24  2.740000e+05
   16  25  4.380000e+06
NUPS 45
    1   2  2 4.000000e-01 7.500000e-01 2.06755728e-02 6.78581408e-01 0  4  3.07890509e-01 5.93411028e-02 -1.32223043e-02 1.01239402e-02  0.060%
    1   3  1 1.700000e+00 7.500000e-01 9.25205871e-03 4.31831443e-01 0  4  2.61478488e-01 1.55779926e-01 1.27033079e-02 4.61572292e-04  0.000%
    1   4  1 1.700000e+00 7.500000e-01 9.25205871e-03 4.31831443e-01 0  4  5.23688787e-01 3.12241805e-01 2.54449889e-02 8.98619626e-04  0.000%
    1   5  2 4.000000e-01 8.890000e-01 1.74994052e-02 6.40431192e-01 0  4  7.45887339e-02 1.17443220e-02 -1.25121183e-03 5.04775729e-04  0.173%
    1   6  1 1.600000e+00 8.890000e-01 9.36435983e-03 4.39340391e-01 0  4  5.78786067e-02 2.84868668e-02 2.38804255e-03 -3.50434750e-04  0.000%
    1   7  1 1.600000e+00 8.890000e-01 9.36435983e-03 4.39340391e-01 0  4  1.15956356e-01 5.70702936e-02 4.74337439e-03 -6.93913800e-04  0.000%
    1   8  2 3.000000e-01 8.890000e-01 2.31972277e-02 7.03687182e-01 0  6  3.09358345e-02 8.87554989e-03 1.88496241e-03 4.41768599e-04 -7.52382405e-05 -3.30533344e-05  0.070%
    1   9  2 3.000000e-01 8.890000e-01 2.31972277e-02 7.03687182e-01 0  6  4.64025106e-02 1.33107421e-02 2.82887948e-03 6.64337099e-04 -1.13217927e-04 -4.97384042e-05  0.070%
    1  10  2 4.000000e-01 9.380000e-01 1.66004324e-02 6.27985306e-01 0  4  2.90327002e-02 8.12077675e-03 -1.61602663e-03 1.87244522e-04  0.149%
    1  11  1 1.600000e+00 9.380000e-01 8.88054049e-03 4.28274752e-01 0  4  2.23623541e-02 1.13244608e-02 2.15647089e-05 -2.59417040e-05  0.000%
    1  12  1 1.600000e+00 9.380000e-01 8.88054049e-03 4.28274752e-01 0  4  4.47933819e-02 2.26835923e-02 3.55313641e-05 -4.93015323e-05  0.000%
    1  13  2 3.000000e-01 9.380000e-01 2.20121064e-02 6.92379106e-01 0  5  1.57088680e-02 5.35071429e-03 9.60095290e-04 -1.68104923e-05 -1.76051907e-05  0.104%
    1  14  2 3.000000e-01 9.380000e-01 2.20121064e-02 6.92379106e-01 0  5  2.35678924e-02 8.02153450e-03 1.44193282e-03 -1.87182836e-05 -2.76057724e-05  0.109%
    1  15  2 4.000000e-01 9.380000e-01 1.66004324e-02 6.27985306e-01 0  4  4.80507318e-03 -4.62549981e-04 2.69117853e-04 -7.53004816e-05  0.016%
    1  16  2 4.000000e-01 9.380000e-01 1.66004324e-02 6.27985306e-01 0  4  6.39563374e-03 -6.15220010e-04 3.58223216e-04 -1.00468483e-04  0.017%
    1  17  2 3.000000e-01 9.600000e-01 2.15185172e-02 6.87419383e-01 0  5  1.72563213e-02 3.31776790e-03 -1.76507967e-03 5.47193729e-04 -1.75422171e-05  0.103%
    1  18  1 1.500000e+00 9.600000e-01 1.07079763e-02 4.73417554e-01 0  4  1.22073198e-02 3.93710559e-03 5.69870068e-05 5.39085191e-05  0.000%
    1  19  1 1.500000e+00 9.600000e-01 1.07079763e-02 4.73417554e-01 0  4  2.44603850e-02 7.90305470e-03 1.10854296e-04 1.06331045e-04  0.000%
    1  20  2 2.000000e-01 9.600000e-01 3.19341876e-02 7.67374889e-01 0  6  9.60972824e-03 2.12097067e-03 3.46222198e-04 2.51919451e-04 -7.67016221e-05 -2.29107710e-05  0.121%
    1  21  2 2.000000e-01 9.600000e-01 3.19341876e-02 7.67374889e-01 0  6  1.44166498e-02 3.18867682e-03 5.21469382e-04 3.76985482e-04 -1.15500981e-04 -3.45001377e-05  0.122%
    1  22  2 4.000000e-01 9.600000e-01 1.62261787e-02 6.22553347e-01 0  4  4.10265083e-03 2.60360340e-04 6.71914276e-05 -3.74508987e-05  0.068%
    1  23  2 4.000000e-01 9.600000e-01 1.62261787e-02 6.22553347e-01 0  4  5.46008741e-03 3.46747328e-04 8.85509779e-05 -4.92670619e-05  0.069%
    1  24  2 3.000000e-01 9.600000e-01 2.15185172e-02 6.87419383e-01 0  4  1.51050385e-03 -7.48775716e-04 8.75426190e-05 -1.72619040e-05  0.045%
    1  25  2 3.000000e-01 9.600000e-01 2.15185172e-02 6.87419383e-01 0  4  1.89212868e-03 -9.37526268e-04 1.09113229e-04 -2.15635745e-05  0.047%
    2   5  2 2.000000e+00 1.390000e-01 2.22753224e-02 6.94962150e-01 0  6  2.32613713e+00 1.39768034e+00 4.48755578e-01 -1.77261087e-03 7.80086042e-03 3.58924135e-03  0.137%
    2   6  1 2.400000e+00 1.390000e-01 2.10311948e-02 5.48654306e-01 0  4  1.18161709e+00 6.24147876e-01 1.72391491e-01 4.93484873e-02  0.013%
    2   7  1 2.400000e+00 1.390000e-01 2.10311948e-02 5.48654306e-01 0  4  2.36631058e+00 1.25038589e+00 3.45357984e-01 9.85790217e-02  0.013%
    2   8  2 2.000000e+00 1.390000e-01 2.22753224e-02 6.94962150e-01 0  6  2.45315424e+00 2.32031890e+00 4.16518836e-01 5.56265845e-02 4.02864877e-03 1.85361511e-03  0.198%
    2   9  2 2.000000e+00 1.390000e-01 2.22753224e-02 6.94962150e-01 0  6  3.68035136e+00 3.48038556e+00 6.24567106e-01 8.36536388e-02 6.01118788e-03 2.76579799e-03  0.197%
    2  10  2 1.600000e+00 1.880000e-01 2.06217185e-02 6.78000283e-01 0  6  5.31647478e-01 2.11360787e-01 8.22470827e-02 -3.14921987e-03 1.55589060e-03 7.80773037e-04  0.114%
    2  11  1 2.400000e+00 1.880000e-01 1.56729741e-02 5.00442898e-01 0  4  3.40633905e-01 1.44250227e-01 1.96695399e-02 1.88445716e-03  0.000%
    2  12  1 2.400000e+00 1.880000e-01 1.56729741e-02 5.00442898e-01 0  4  6.82386251e-01 2.89191059e-01 3.96258352e-02 3.67492879e-03  0.000%
    2  13  2 1.600000e+00 1.880000e-01 2.06217185e-02 6.78000283e-01 0  4  4.33285687e-01 2.44017954e-01 4.17501506e-02 5.29852900e-03  0.150%
    2  14  2 1.600000e+00 1.880000e-01 2.06217185e-02 6.78000283e-01 0  4  6.49878296e-01 3.65975600e-01 6.25833421e-02 7.94832418e-03  0.150%
    2  15  2 1.400000e+00 1.880000e-01 2.34984528e-02 7.06434236e-01 0  6  4.80729153e-01 3.39934760e-01 2.43796458e-02 -2.79012590e-03 -9.24195447e-04 -4.00044258e-04  0.116%
    2  16  2 1.400000e+00 1.880000e-01 2.34984528e-02 7.06434236e-01 0  6  6.39748025e-01 4.52440204e-01 3.22814136e-02 -3.70428846e-03 -1.22480741e-03 -5.30166181e-04  0.116%
    2  17  2 1.600000e+00 2.100000e-01 1.85013177e-02 6.53380376e-01 0  5  2.41575501e-01 5.57086419e-02 1.53981265e-02 7.06403067e-03 -2.21918481e-04  0.103%
    2  18  1 2.000000e+00 2.100000e-01 2.11370872e-02 5.70177268e-01 0  4  1.66231810e-01 4.62558955e-02 -2.96708217e-03 4.69949417e-03  0.001%
    2  19  1 2.000000e+00 2.100000e-01 2.11370872e-02 5.70177268e-01 0  4  3.32928575e-01 9.28066496e-02 -5.93108002e-03 9.37186424e-03  0.002%
    2  20  2 1.300000e+00 2.100000e-01 2.26740450e-02 6.98795949e-01 0  4  2.14161141e-01 5.56424582e-02 9.68823894e-04 6.40240226e-03  0.162%
    2  21  2 1.300000e+00 2.100000e-01 2.26740450e-02 6.98795949e-01 0  4  3.21233113e-01 8.34895836e-02 1.40946687e-03 9.58447071e-03  0.158%
    2  22  2 1.000000e+00 2.100000e-01 2.92771093e-02 7.50996699e-01 0  6  2.57510370e-01 1.34210095e-01 1.59177673e-02 6.71661469e-04 -1.29836587e-03 -4.32678073e-04  0.087%
    2  23  2 1.000000e+00 2.100000e-01 2.92771093e-02 7.50996699e-01 0  6  3.42784571e-01 1.78499310e-01 2.12542510e-02 8.08107828e-04 -1.70373802e-03 -5.67767607e-04  0.086%
    2  24  2 1.200000e+00 2.100000e-01 2.45172233e-02 7.15370762e-01 0  6  1.07379491e-01 3.98941357e-03 -7.08171877e-03 2.85993854e-03 -6.40514411e-04 -2.63970854e-04  0.127%
    2  25  2 1.200000e+00 2.100000e-01 2.45172233e-02 7.15370762e-01 0  6  1.34505749e-01 4.90036670e-03 -8.77369907e-03 3.51790532e-03 -7.90867320e-04 -3.25934777e-04  0.125%
