# MoCHII Tier-2 n-level atom data: [N III] (n_3), lowest 5 levels
# source: CHIANTI v11.0.2 .elvlc/.wgfa/.scups (tools/fitting/fit_nlevel_tier2.py)
# levels: index  g  E[cm^-1] (observed preferred)
# rad: l u A[s^-1] (duplicate rows summed)
# ups: l u type C dE[Ry] st_lo st_hi logf ncheb c_0..c_{n-1} maxerr
#   logf=1: the series stores log10 of the scaled Upsilon (apply 10^y before descaling)
#   Upsilon(T) = Burgess-Tully descaled Chebyshev series; see fit_nlevel_tier2.py header for the evaluation recipe
# fit range: 1.0e+03 - 1.0e+05 K; worst transition fit error: 0.45%
# generated on 2026-07-11
NLEV 5
    1    2.0          0.0000
    2    4.0        174.4000
    3    2.0      57187.1020
    4    4.0      57246.8010
    5    6.0      57327.8980
NRAD 6
    1   2  4.770000e-05
    1   3  3.493000e+02
    1   4  8.896000e+00
    2   3  3.626000e+02
    2   4  6.169000e+01
    2   5  2.716000e+02
NUPS 10
    1   2  2 4.559000e+02 1.607000e-03 8.57093879e-03 4.63664183e-01 0 13  1.64549760e+00 4.88466315e-01 -1.66330224e-01 2.95880531e-02 -1.89834103e-02 2.65675951e-03 7.04569490e-03 -8.35739967e-03 4.41908499e-03 -3.39109134e-04 -2.10442562e-03 2.14167503e-03 -1.48600310e-03  0.128%
    1   3  4 1.439000e+00 4.885000e-01 2.40527184e-02 6.38341142e-01 1 13  -5.33950416e-01 -2.06971427e-01 -3.73999995e-02 -1.65879136e-02 -2.88802915e-03 6.94290760e-03 -1.17458561e-02 1.42876054e-02 -1.04927693e-02 4.59827993e-03 2.71398664e-04 -1.80340371e-03 1.90265220e-03  0.452%
    1   4  4 1.438000e+00 4.891000e-01 2.40851800e-02 6.38691774e-01 1 13  -3.51205025e-01 -1.95105118e-01 -4.36804996e-02 -1.37997872e-02 -4.52981611e-03 7.16350364e-03 -1.12654280e-02 1.35412430e-02 -1.00187234e-02 4.49985565e-03 8.77207890e-05 -1.58411617e-03 1.73678123e-03  0.419%
    1   5  2 1.495000e+00 4.900000e-01 8.57188186e-03 4.63691781e-01 0  8  1.93705112e-01 1.67138319e-02 -2.05077267e-02 1.84031697e-03 1.29513059e-03 -8.13526693e-04 2.26934021e-04 9.13729705e-05  0.195%
    2   3  4 1.440000e+00 4.869000e-01 2.40683928e-02 6.38341273e-01 1 13  -6.16606916e-01 -1.70324187e-01 -5.73191674e-02 -1.01878202e-02 -6.54842739e-03 7.84675293e-03 -1.11155839e-02 1.22506771e-02 -8.96015377e-03 4.20023047e-03 -2.12057116e-04 -1.17687990e-03 1.42757086e-03  0.359%
    2   4  4 1.440000e+00 4.875000e-01 2.40396117e-02 6.38131563e-01 1 13  -2.08849452e-01 -1.81291094e-01 -5.19319570e-02 -1.20659615e-02 -5.88170294e-03 7.73717949e-03 -1.11143254e-02 1.27801375e-02 -9.38953526e-03 4.30805072e-03 -8.68635360e-05 -1.34317832e-03 1.55364393e-03  0.382%
    2   5  4 1.439000e+00 4.884000e-01 2.40575032e-02 6.38376013e-01 1 13  1.01067587e-01 -1.91931814e-01 -4.58859899e-02 -1.29837255e-02 -4.50113395e-03 7.44401929e-03 -1.16136388e-02 1.32935757e-02 -9.69221245e-03 4.38246880e-03 3.54137289e-05 -1.48719080e-03 1.65975308e-03  0.405%
    3   4  2 1.290000e+03 5.679000e-04 8.57140624e-03 4.63677863e-01 0 12  9.09450704e-01 1.62544479e-01 -3.82390376e-02 -9.14394521e-03 8.08340185e-03 -5.94920505e-03 3.17019818e-03 -1.05332419e-03 5.25312138e-05 5.41863233e-04 -5.54894345e-04 5.56183029e-04  0.129%
    3   5  2 4.852000e+02 1.510000e-03 8.57069871e-03 4.63657157e-01 0  4  5.86248481e-01 1.45567677e-01 -2.95301399e-02 -2.36915085e-03  0.199%
    4   5  2 7.772000e+02 9.426000e-04 8.57143269e-03 4.63678637e-01 0 12  1.73074418e+00 3.67565569e-01 -7.86017348e-02 -1.06356100e-02 5.28674863e-03 -6.06880159e-03 5.53337054e-03 -3.37191191e-03 1.28930324e-03 6.08670571e-04 -1.04069436e-03 1.22346111e-03  0.141%
