# MoCHII n-level atom data: [Fe III] (fe_3), lowest 14 levels
# source: CHIANTI v11.0.2 .elvlc/.wgfa/.scups (tools/fitting/fit_nlevel.py)
# levels: index  g  E[cm^-1] (observed preferred)
# rad: l u A[s^-1] (duplicate rows summed)
# ups: l u type C dE[Ry] st_lo st_hi logf ncheb c_0..c_{n-1} maxerr
#   logf=1: the series stores log10 of the scaled Upsilon (apply 10^y before descaling)
#   Upsilon(T) = Burgess-Tully descaled Chebyshev series; see fit_nlevel.py header for the evaluation recipe
# fit range: 1.0e+03 - 1.0e+05 K; worst transition fit error: 0.20%
# generated on 2026-07-11
NLEV 14
    1    9.0          0.0000
    2    7.0        436.2000
    3    5.0        738.9000
    4    3.0        932.4000
    5    1.0       1027.3000
    6    5.0      19404.8010
    7    3.0      20688.4000
    8    1.0      21208.5000
    9   13.0      20051.1000
   10    9.0      21462.1990
   11   11.0      20300.8010
   12    7.0      21699.9000
   13    9.0      20481.9000
   14    5.0      21857.1990
NRAD 38
    1   2  2.880000e-03
    1   9  5.960000e-06
    1  10  3.690000e-01
    1  11  9.130000e-06
    1  12  3.900000e-02
    1  13  4.720000e-02
    1  14  1.830000e-06
    2   3  1.790000e-03
    2   6  4.270000e-01
    2   7  4.510000e-05
    2  10  6.870000e-02
    2  11  3.200000e-06
    2  12  2.270000e-01
    2  13  8.900000e-03
    2  14  2.450000e-02
    3   4  6.830000e-04
    3   6  3.350000e-05
    3   7  5.630000e-01
    3   8  3.250000e-04
    3  10  9.100000e-06
    3  12  7.890000e-02
    3  14  8.960000e-02
    4   5  1.380000e-04
    4   6  3.900000e-02
    4   7  1.210000e-04
    4   8  7.290000e-01
    4  12  1.160000e-05
    4  14  4.360000e-02
    5   6  2.600000e-05
    5   7  9.450000e-02
    5  14  1.200000e-05
    6   7  4.770000e-02
    6  14  4.360000e-06
    7   8  7.530000e-03
    9  11  4.060000e-04
   10  12  3.040000e-04
   11  13  1.650000e-04
   12  14  1.380000e-04
NUPS 91
    1   2  2 5.781000e+01 4.001000e-03 2.66531369e-02 7.32498581e-01 0  8  2.53035333e+00 -5.91539635e-04 -5.90367105e-01 1.43798222e-01 1.93965558e-03 -1.86559533e-02 8.82557909e-03 -3.56255745e-03  0.154%
    1   3  2 3.400000e+01 6.803000e-03 2.66526670e-02 7.32495031e-01 0 10  1.15996776e+00 6.05006412e-03 -2.92492696e-01 6.69392862e-02 9.96828084e-03 -1.54405097e-02 4.90724542e-03 1.45990428e-04 -1.73136966e-03 1.91075371e-03  0.158%
    1   4  2 2.689000e+01 8.602000e-03 2.66520187e-02 7.32490135e-01 0 13  5.61411913e-01 4.02805447e-02 -1.47967946e-01 2.98676284e-02 6.19157357e-03 -8.96520717e-03 3.38809627e-03 2.45335698e-04 -1.57919282e-03 1.24851593e-03 -1.32689488e-04 -3.50994337e-04 3.17042105e-04  0.058%
    1   5  2 2.439000e+01 9.483000e-03 2.66539714e-02 7.32504884e-01 0 13  1.69779850e-01 1.91764688e-02 -4.45062677e-02 7.51011416e-03 2.87786178e-03 -3.14367071e-03 1.11526260e-03 2.29412457e-04 -6.69991381e-04 4.89477757e-04 -5.65032826e-05 -1.30605114e-04 1.32376177e-04  0.084%
    1   6  2 1.255000e+00 1.843000e-01 2.66532839e-02 7.32499691e-01 0  9  7.18593893e-01 -2.82457884e-01 4.84651197e-02 -1.26857470e-02 6.53648639e-04 2.50381074e-03 -2.20974441e-03 5.30103837e-04 6.35062829e-04  0.198%
    1   7  2 1.178000e+00 1.964000e-01 2.66462531e-02 7.32446578e-01 0 12  1.98570108e-01 -9.83171001e-02 2.18575518e-02 -1.18929049e-02 5.11244534e-03 -1.45980498e-03 -3.56808725e-04 9.01451327e-04 -8.01440775e-04 4.16970411e-04 -1.39449040e-04 -7.29082419e-05  0.166%
    1   8  2 1.149000e+00 2.012000e-01 2.66664920e-02 7.32599414e-01 1 13  -1.53298420e+00 -2.73651719e-01 -1.20399060e-02 -2.46697531e-02 1.00238146e-02 -5.73723076e-03 -1.47320763e-04 2.86096537e-03 -2.83746603e-03 1.45541530e-03 4.30006677e-05 -5.62006515e-04 6.07179511e-04  0.146%
    1   9  2 1.102000e+00 2.098000e-01 2.66641569e-02 7.32581789e-01 0  9  1.37978813e+00 -1.16684365e-01 -2.20045678e-02 -9.34526691e-03 6.20361200e-03 -3.02868292e-03 3.76359335e-04 6.24325803e-04 -1.02294046e-03  0.094%
    1  10  2 1.100000e+00 2.103000e-01 2.66495269e-02 7.32471312e-01 0 10  1.01355663e+00 -1.32697818e-01 -5.40966150e-02 1.37402314e-02 1.31210215e-03 -6.63250610e-03 4.08124475e-03 3.61339877e-04 -1.99246329e-03 1.61412240e-03  0.136%
    1  11  2 1.092000e+00 2.117000e-01 2.66667614e-02 7.32601448e-01 0  9  6.35276860e-01 -3.11474650e-02 -2.16445383e-02 1.95220317e-03 -1.62166984e-03 1.60404828e-03 -8.46588579e-04 -1.60416562e-04 7.53835689e-04  0.155%
    1  12  2 1.085000e+00 2.131000e-01 2.66625966e-02 7.32570011e-01 0 10  4.86251928e-01 -6.60235724e-02 -1.79673001e-02 -2.69100181e-03 4.84781754e-03 -3.05877532e-03 5.24869292e-04 7.50810457e-04 -8.74361731e-04 6.50498815e-04  0.124%
    1  13  2 1.082000e+00 2.137000e-01 2.66614855e-02 7.32561623e-01 0  9  1.86596263e-01 -4.07040087e-02 -1.42997810e-02 5.85580249e-03 -1.49316840e-03 3.49917358e-05 1.50731570e-04 -2.42251979e-04 2.25985319e-04  0.133%
    1  14  2 1.077000e+00 2.147000e-01 2.66605316e-02 7.32554421e-01 0  9  1.78955064e-01 -2.33024300e-02 -8.42095726e-03 7.21631212e-04 2.42479387e-04 2.01070744e-04 -2.32932733e-04 7.55700517e-06 1.50303007e-04  0.129%
    2   3  2 8.254000e+01 2.802000e-03 2.66554622e-02 7.32516143e-01 0 10  1.84256905e+00 -3.07776302e-02 -3.58210778e-01 8.01443916e-02 6.23357271e-03 -1.44292553e-02 7.19508794e-03 -8.51297146e-04 -1.75028360e-03 1.88229590e-03  0.091%
    2   4  2 5.027000e+01 4.601000e-03 2.66537583e-02 7.32503274e-01 0  9  7.43441283e-01 -6.29506787e-02 -1.64687481e-01 4.34121760e-02 2.50494974e-04 -6.12801365e-03 2.86622483e-03 -1.07108710e-03 -2.16563340e-04  0.162%
    2   5  2 4.219000e+01 5.482000e-03 2.66545087e-02 7.32508942e-01 0 10  2.14919356e-01 -1.95556917e-02 -5.72270527e-02 2.00743340e-02 -3.78501733e-03 -4.76339453e-04 8.76269179e-04 -8.92708290e-04 5.23031567e-04 -2.18682541e-04  0.140%
    2   6  2 1.283000e+00 1.803000e-01 2.66500988e-02 7.32475632e-01 0  8  5.31885364e-01 -2.81831416e-01 5.77736892e-02 -1.54627688e-02 1.49617694e-03 1.87732805e-03 -2.19761706e-03 6.55996105e-04  0.159%
    2   7  2 1.202000e+00 1.924000e-01 2.66568399e-02 7.32526546e-01 0 12  2.68936416e-01 -1.28516710e-01 3.03986732e-02 -1.34685843e-02 6.26444006e-03 -2.64198517e-03 -3.69193396e-05 1.17551943e-03 -1.25866883e-03 6.99089323e-04 -2.10672377e-04 -1.42831026e-04  0.198%
    2   8  2 1.173000e+00 1.972000e-01 2.66511417e-02 7.32483510e-01 1 13  -1.11668678e+00 -2.27771054e-01 3.95008158e-02 -2.57067556e-02 1.00675169e-02 -4.03967836e-03 -5.92556732e-04 3.46883757e-03 -3.12199625e-03 1.41418883e-03 1.76409479e-04 -6.76132024e-04 6.99075407e-04  0.163%
    2   9  2 1.124000e+00 2.058000e-01 2.66507380e-02 7.32480461e-01 0  9  5.85813072e-01 -6.08049796e-02 5.33830979e-03 -9.43375750e-03 3.96886661e-03 -1.87585434e-03 -2.31236335e-04 5.49982571e-04 -5.91754135e-04  0.132%
    2  10  2 1.121000e+00 2.063000e-01 2.66571204e-02 7.32528664e-01 0 12  4.66601941e-01 -1.02081577e-01 -1.14640800e-02 -4.83576824e-03 7.70651607e-03 -5.41611139e-03 1.34410981e-03 1.22598189e-03 -1.94021770e-03 1.16780649e-03 -3.14212667e-04 -2.78820604e-04  0.194%
    2  11  2 1.114000e+00 2.077000e-01 2.66441681e-02 7.32430823e-01 0  6  6.05676062e-01 -7.40098319e-02 -1.50404993e-02 2.94088354e-03 -1.49998565e-04 -5.61487668e-04  0.038%
    2  12  2 1.106000e+00 2.091000e-01 2.66568623e-02 7.32526716e-01 0 10  4.72681505e-01 -9.66392916e-02 -1.92272338e-02 5.13761289e-03 2.13206833e-03 -3.06702988e-03 1.22269554e-03 3.55589754e-04 -8.04066336e-04 6.54437326e-04  0.133%
    2  13  2 1.103000e+00 2.097000e-01 2.66529922e-02 7.32497488e-01 0  9  5.17889435e-01 -2.48890628e-02 -1.42861273e-02 1.39594941e-03 -1.11113965e-03 7.90601436e-04 -5.86668773e-04 -9.28394857e-05 4.87358405e-04  0.114%
    2  14  2 1.098000e+00 2.107000e-01 2.66474415e-02 7.32455556e-01 0  6  3.03289571e-01 -3.71671298e-02 -1.79192314e-02 2.56713575e-03 7.15112885e-04 -6.39811494e-04  0.141%
    3   4  2 1.286000e+02 1.799000e-03 2.66471275e-02 7.32453185e-01 0  9  1.16691129e+00 -4.66084401e-02 -2.23838503e-01 6.23094868e-02 -3.49808296e-03 -7.40020211e-03 4.89584762e-03 -1.95139715e-03 -2.84712228e-04  0.139%
    3   5  2 8.630000e+01 2.680000e-03 2.66546860e-02 7.32510280e-01 0 10  2.94899287e-01 -4.47477993e-02 -4.81653838e-02 8.79331989e-03 3.57200415e-03 -2.90547888e-03 7.77243252e-04 2.70455132e-04 -4.92445762e-04 4.26942434e-04  0.157%
    3   6  2 1.303000e+00 1.775000e-01 2.66548542e-02 7.32511551e-01 0 11  3.69273828e-01 -2.47382850e-01 6.46566381e-02 -2.34952357e-02 7.24259118e-03 -1.20793230e-03 -9.77669403e-04 1.48355516e-03 -1.13411582e-03 5.86113933e-04 -1.96246474e-04  0.142%
    3   7  2 1.220000e+00 1.896000e-01 2.66515455e-02 7.32486560e-01 0 13  2.58438294e-01 -1.30797022e-01 3.56676985e-02 -1.67061116e-02 7.63954510e-03 -2.81005994e-03 -2.61713833e-04 1.39650219e-03 -1.27427749e-03 7.40844769e-04 -1.19425243e-04 -1.42276348e-04 2.40767171e-04  0.197%
    3   8  2 1.190000e+00 1.944000e-01 2.66488542e-02 7.32466229e-01 1 13  -1.05283483e+00 -1.90251647e-01 3.17776345e-02 -1.95439517e-02 9.18144078e-03 -3.97975167e-03 -3.38624611e-04 2.72873743e-03 -2.54502995e-03 1.24379491e-03 7.33871705e-05 -5.13045618e-04 5.52783253e-04  0.132%
    3   9  2 1.139000e+00 2.030000e-01 2.66622038e-02 7.32567045e-01 0 10  2.09870350e-01 -2.96339108e-02 9.33653513e-03 -7.79374103e-03 3.74363750e-03 -1.57963637e-03 -4.30169667e-05 6.96025825e-04 -6.24085498e-04 4.20857322e-04  0.176%
    3  10  2 1.137000e+00 2.035000e-01 2.66439776e-02 7.32429383e-01 0 13  2.88499109e-01 -7.04133569e-02 1.83375964e-03 -8.20878153e-03 7.38076229e-03 -4.49400874e-03 9.45600974e-04 1.22513729e-03 -1.61747668e-03 1.01349742e-03 -1.36575009e-04 -2.33812273e-04 3.07555960e-04  0.157%
    3  11  2 1.129000e+00 2.049000e-01 2.66492915e-02 7.32469533e-01 0  6  4.06872488e-01 -5.19148761e-02 -5.34765548e-03 -3.54933493e-04 5.30597469e-04 -8.26173537e-04  0.097%
    3  12  2 1.121000e+00 2.063000e-01 2.66571204e-02 7.32528664e-01 0 10  3.55156665e-01 -6.84225935e-02 -1.82991365e-02 3.29163844e-03 3.11721191e-03 -3.21555343e-03 1.05830753e-03 4.99206348e-04 -8.65190928e-04 6.84440802e-04  0.187%
    3  13  2 1.118000e+00 2.069000e-01 2.66512987e-02 7.32484696e-01 0  9  4.83901070e-01 -3.31802616e-02 -1.37249128e-02 2.00458194e-03 -9.17960181e-04 4.63115339e-04 -3.91773382e-04 -9.66507684e-05 3.71209644e-04  0.091%
    3  14  2 1.112000e+00 2.079000e-01 2.66658184e-02 7.32594330e-01 0  7  3.22230747e-01 -4.57608756e-02 -2.18379103e-02 7.45146310e-03 -8.91743339e-04 -9.13633604e-04 4.32157446e-04  0.127%
    4   5  2 2.625000e+02 8.811000e-04 2.66541532e-02 7.32506256e-01 0  9  4.41031360e-01 -6.95575733e-03 -7.38210076e-02 2.05762739e-02 -1.29381188e-03 -2.70834937e-03 1.66719259e-03 -6.47201328e-04 -1.31817872e-04  0.142%
    4   6  2 1.316000e+00 1.757000e-01 2.66617324e-02 7.32563487e-01 1 13  -7.32889889e-01 -3.60603607e-01 3.10198359e-02 -2.19062445e-02 5.20890876e-03 -1.33028355e-03 -1.57222938e-03 2.53641297e-03 -1.80584137e-03 7.14579778e-04 1.40948053e-04 -3.99562745e-04 4.45665480e-04  0.109%
    4   7  2 1.232000e+00 1.878000e-01 2.66450873e-02 7.32437769e-01 1 13  -7.55064464e-01 -2.30925023e-01 3.91432091e-02 -2.03355703e-02 7.78512184e-03 -2.95058448e-03 -1.09949174e-03 2.67163020e-03 -2.18841223e-03 1.01383027e-03 1.11526647e-04 -4.65529042e-04 4.97039561e-04  0.120%
    4   8  2 1.201000e+00 1.926000e-01 2.66514782e-02 7.32486052e-01 0 13  7.15556847e-02 -3.17623488e-02 8.42848734e-03 -3.82909583e-03 1.87300959e-03 -8.71825433e-04 9.84571601e-05 3.51037416e-04 -3.95342119e-04 2.34876006e-04 -3.37416363e-05 -5.07139700e-05 7.43212968e-05  0.188%
    4   9  2 1.149000e+00 2.012000e-01 2.66664920e-02 7.32599414e-01 0 13  4.67197547e-02 -8.61460475e-03 2.53771007e-03 -2.17533641e-03 1.12155095e-03 -5.13254074e-04 3.67999487e-05 1.97887389e-04 -2.12371772e-04 1.27404438e-04 -1.90107954e-05 -2.67757932e-05 4.01882082e-05  0.121%
    4  10  2 1.147000e+00 2.017000e-01 2.66472957e-02 7.32454455e-01 0 13  1.86642102e-01 -4.58558378e-02 6.58808991e-03 -7.03144824e-03 4.93265649e-03 -2.68068342e-03 5.01226357e-04 8.38639253e-04 -1.04930129e-03 6.41703903e-04 -8.91086342e-05 -1.44720853e-04 1.98707252e-04  0.156%
    4  11  2 1.139000e+00 2.031000e-01 2.66494260e-02 7.32470550e-01 0  9  2.21089000e-01 -2.54488716e-02 3.39004857e-03 -4.51435938e-03 2.12838766e-03 -6.04807759e-04 -2.64287626e-04 2.88177033e-04 -2.10167671e-04  0.107%
    4  12  2 1.131000e+00 2.045000e-01 2.66540690e-02 7.32505621e-01 0 10  2.16143086e-01 -3.18652581e-02 -1.32848964e-02 1.31307123e-03 2.05358049e-03 -1.83536888e-03 6.46177255e-04 3.05571416e-04 -5.29829220e-04 4.05443859e-04  0.175%
    4  13  2 1.128000e+00 2.051000e-01 2.66469706e-02 7.32451999e-01 0  9  3.12627272e-01 -3.50759696e-02 -1.05660756e-02 3.48641693e-03 -1.36164829e-03 5.84344281e-04 -2.94831201e-04 -1.60286513e-04 3.93426760e-04  0.157%
    4  14  2 1.122000e+00 2.061000e-01 2.66591513e-02 7.32543999e-01 0  8  2.35458193e-01 -3.72809186e-02 -1.99843833e-02 8.21533920e-03 -1.23484938e-03 -7.50043902e-04 5.52551332e-04 -2.88512264e-04  0.092%
    5   6  2 1.322000e+00 1.749000e-01 2.66621140e-02 7.32566368e-01 1 13  -1.23493258e+00 -3.87397551e-01 2.85180960e-02 -2.43857441e-02 5.25696477e-03 -1.47031076e-03 -1.65149651e-03 2.78704024e-03 -1.99076096e-03 7.63345929e-04 1.73871666e-04 -4.53176774e-04 4.94259851e-04  0.119%
    5   7  2 1.237000e+00 1.869000e-01 2.66646396e-02 7.32585433e-01 1 13  -1.18347059e+00 -2.44805888e-01 4.46424847e-02 -2.31653501e-02 8.47354462e-03 -2.94466507e-03 -1.04473098e-03 3.09959228e-03 -2.58322642e-03 1.13471848e-03 1.65031193e-04 -5.63772287e-04 5.90559038e-04  0.139%
    5   8  2 1.206000e+00 1.917000e-01 2.66652121e-02 7.32589754e-01 0 13  2.77648931e-02 -1.29027757e-02 3.66813839e-03 -1.59058690e-03 7.60299564e-04 -3.54211570e-04 3.49879280e-05 1.43498491e-04 -1.59454174e-04 9.49408249e-05 -1.37914792e-05 -2.03665475e-05 2.99468678e-05  0.199%
    5   9  2 1.155000e+00 2.003000e-01 2.66476769e-02 7.32457335e-01 1 13  -2.75969562e+00 -1.33201065e-01 -7.61389092e-02 2.07818268e-02 -1.46291310e-02 4.43085799e-03 -9.44717274e-04 -1.76800115e-03 1.91470782e-03 -1.13460946e-03 2.84531231e-04 1.30250378e-04 -3.27690238e-04  0.096%
    5  10  2 1.152000e+00 2.008000e-01 2.66504689e-02 7.32478428e-01 0 13  6.74932141e-02 -1.69349574e-02 3.63353120e-03 -2.98750517e-03 1.77304236e-03 -9.01905681e-04 1.47172092e-04 3.09072112e-04 -3.71480852e-04 2.24435962e-04 -3.16713661e-05 -4.97239893e-05 7.02155988e-05  0.153%
    5  11  2 1.144000e+00 2.022000e-01 2.66510072e-02 7.32482494e-01 0 10  6.95161840e-02 -7.96550348e-03 3.68904131e-03 -3.06070530e-03 1.44246823e-03 -5.36319440e-04 -2.62349465e-05 2.60426476e-04 -2.29782771e-04 1.50137712e-04  0.184%
    5  12  2 1.135000e+00 2.037000e-01 2.66641681e-02 7.32581874e-01 0 10  7.44179793e-02 -8.98511125e-03 -4.85678629e-03 4.74666007e-04 6.12257202e-04 -5.36277820e-04 1.56086838e-04 8.51718071e-05 -1.35672985e-04 1.07190499e-04  0.132%
    5  13  2 1.133000e+00 2.042000e-01 2.66463204e-02 7.32447086e-01 0 10  1.06455211e-01 -1.58951870e-02 -4.15920333e-03 1.66047761e-03 -5.49426708e-04 2.75222594e-04 -2.27677231e-04 -1.27033208e-04 2.20670791e-04 -1.39236740e-04  0.113%
    5  14  2 1.127000e+00 2.052000e-01 2.66573336e-02 7.32530274e-01 0  9  8.44719720e-02 -1.38563301e-02 -7.75130259e-03 3.31078624e-03 -4.07777124e-04 -4.57637248e-04 2.91131978e-04 -1.09629893e-04 -3.68681349e-05  0.160%
    6   7  2 1.924000e+01 1.202000e-02 2.66568399e-02 7.32526546e-01 0 13  7.82559706e-01 -3.63692284e-01 -3.33792284e-03 1.49345613e-02 -9.94342234e-03 6.71878652e-03 -3.02902549e-03 -1.73129856e-03 3.08347514e-03 -1.85982401e-03 2.25945777e-04 4.61871892e-04 -5.78007625e-04  0.140%
    6   8  2 1.370000e+01 1.688000e-02 2.66578272e-02 7.32534002e-01 0  8  2.19336138e-01 -1.26493863e-01 1.06686947e-02 -1.55874725e-03 5.38563987e-04 1.74036733e-04 -4.50373109e-04 1.36582532e-04  0.076%
    6   9  2 9.098000e+00 2.542000e-02 2.66561264e-02 7.32521158e-01 0  9  3.65869800e-01 -2.88975392e-02 -3.09494038e-02 1.09441170e-03 2.06823590e-03 -1.38361211e-04 -8.15230387e-04 1.70711529e-04 3.34473262e-04  0.133%
    6  10  2 8.923000e+00 2.592000e-02 2.66546680e-02 7.32510145e-01 1 13  -3.65955417e-02 -1.68472620e-01 1.01724346e-02 -1.87967008e-02 1.07551676e-02 -5.55774527e-03 2.26566277e-04 2.66181705e-03 -2.75212451e-03 1.47828291e-03 -1.14888426e-05 -5.18105247e-04 5.81985281e-04  0.142%
    6  11  2 8.441000e+00 2.740000e-02 2.66547533e-02 7.32510788e-01 0 10  2.52569675e-01 -4.97416779e-02 -1.08161735e-02 1.02567869e-03 -6.25073035e-04 1.01856255e-03 -6.50192564e-04 -2.30257057e-04 4.97197741e-04 -3.55950962e-04  0.129%
    6  12  2 8.030000e+00 2.880000e-02 2.66569297e-02 7.32527224e-01 0 13  7.87023342e-01 -2.94458887e-01 3.71537925e-02 -3.15692394e-02 2.11494282e-02 -1.09057844e-02 1.59997468e-03 3.59959427e-03 -4.25669433e-03 2.59593427e-03 -3.70871702e-04 -5.71371633e-04 8.06999036e-04  0.181%
    6  13  2 7.875000e+00 2.937000e-02 2.66541532e-02 7.32506256e-01 0  8  2.29418303e-01 -9.43447179e-02 2.62368371e-03 -2.06103194e-03 1.47520472e-03 -4.81715754e-04 -1.42638752e-04 1.88352636e-04  0.126%
    6  14  2 7.620000e+00 3.035000e-02 2.66565931e-02 7.32524682e-01 0 13  5.88669257e-01 -2.46862609e-01 3.92054816e-02 -2.50639417e-02 1.46635164e-02 -6.78918373e-03 5.43111041e-04 2.54652930e-03 -2.75853164e-03 1.65773772e-03 -2.46641716e-04 -3.50782402e-04 5.22462761e-04  0.169%
    7   8  2 4.763000e+01 4.856000e-03 2.66538694e-02 7.32504113e-01 0 10  2.40208817e-01 -7.97418660e-02 -4.83505937e-03 3.41384396e-03 -1.62086832e-03 6.08976827e-04 -2.76311951e-04 -2.89522826e-04 3.90500059e-04 -2.43354279e-04  0.116%
    7   9  2 1.726000e+01 1.340000e-02 2.66546860e-02 7.32510280e-01 0 10  7.81206311e-02 -1.89347740e-02 3.12093751e-03 -3.48724804e-03 1.66567537e-03 -4.92613581e-04 -1.30120993e-04 2.80440883e-04 -2.02539539e-04 1.27279145e-04  0.170%
    7  10  2 1.664000e+01 1.390000e-02 2.66533399e-02 7.32500114e-01 1 13  -3.75494117e-01 -1.91386871e-01 1.92007813e-03 -1.67944163e-02 8.74865431e-03 -4.41372401e-03 1.11911993e-04 2.15601765e-03 -2.19404306e-03 1.16814194e-03 -1.33183280e-05 -4.04533243e-04 4.58584804e-04  0.113%
    7  11  2 1.505000e+01 1.537000e-02 2.66508165e-02 7.32481054e-01 0 10  1.48562798e-01 -2.17128857e-02 -1.29516140e-02 1.36381223e-03 -6.15877675e-06 4.80157830e-04 -5.56618344e-04 -1.31648375e-04 3.75524883e-04 -2.55482743e-04  0.152%
    7  12  2 1.379000e+01 1.677000e-02 2.66575692e-02 7.32532053e-01 0 13  4.36110267e-01 -1.60626170e-01 5.06447312e-03 -9.74374645e-03 9.68764867e-03 -5.84867370e-03 1.17164130e-03 1.59333399e-03 -2.07679728e-03 1.30347555e-03 -1.78377975e-04 -2.98857938e-04 3.94954079e-04  0.159%
    7  13  2 1.334000e+01 1.734000e-02 2.66511417e-02 7.32483510e-01 0  8  3.09230713e-01 -6.69069666e-02 5.68151709e-03 -8.96014015e-03 3.88446686e-03 -3.05441866e-04 -8.50313066e-04 5.46041665e-04  0.115%
    7  14  2 1.262000e+01 1.832000e-02 2.66642916e-02 7.32582806e-01 0 13  2.91486375e-01 -7.47269825e-02 -1.81518927e-02 1.50739506e-03 4.62727460e-03 -4.38068440e-03 1.29864666e-03 7.14828975e-04 -1.25628602e-03 8.53822484e-04 -1.03491891e-04 -2.14231530e-04 2.40654553e-04  0.121%
    8   9  2 2.707000e+01 8.543000e-03 2.66574895e-02 7.32531452e-01 1 13  -2.24068708e+00 -1.28036538e-01 -1.44097748e-01 5.86550990e-02 -3.43278240e-02 1.36719972e-02 -4.26038973e-03 -1.46853694e-03 2.49014839e-03 -1.79443235e-03 6.86896407e-04 1.15370553e-06 -4.29964276e-04  0.158%
    8  10  2 2.558000e+01 9.042000e-03 2.66535239e-02 7.32501503e-01 0 12  2.07356125e-01 -7.34939294e-02 9.73675485e-03 -7.25227824e-03 4.22142654e-03 -1.57322435e-03 -1.84292265e-04 7.00907547e-04 -6.58349762e-04 3.63284587e-04 -1.16576379e-04 -6.79137121e-05  0.146%
    8  11  2 2.198000e+01 1.052000e-02 2.66607897e-02 7.32556370e-01 0 10  4.99435788e-02 -1.17524908e-02 2.90552983e-03 -2.48681885e-03 1.09333173e-03 -2.67897669e-04 -1.16777936e-04 1.85332780e-04 -1.21943790e-04 7.32154839e-05  0.151%
    8  12  2 1.940000e+01 1.192000e-02 2.66587249e-02 7.32540780e-01 0 12  1.26001008e-01 -3.44823190e-02 -3.74743624e-03 -9.97369215e-04 1.92300584e-03 -1.43864490e-03 4.08146791e-04 3.05362679e-04 -5.18875279e-04 3.13121486e-04 -8.30479569e-05 -7.61876998e-05  0.182%
    8  13  2 1.852000e+01 1.249000e-02 2.66512314e-02 7.32484188e-01 0 13  5.39618417e-02 -1.13864866e-02 -9.14545803e-03 2.28310024e-03 -5.68762660e-04 3.39906226e-04 -1.55719355e-04 -1.55462067e-04 2.33981638e-04 -1.35355964e-04 1.63403842e-05 3.27437537e-05 -4.28471863e-05  0.126%
    8  14  2 1.717000e+01 1.347000e-02 2.66551459e-02 7.32513754e-01 0 13  9.93986161e-02 -2.86274692e-02 -8.10642441e-03 1.18525690e-03 1.32738508e-03 -1.37874486e-03 5.32326616e-04 1.89132452e-04 -4.14592876e-04 2.78448540e-04 -3.18960085e-05 -7.25165082e-05 7.92254844e-05  0.120%
    9  10  2 4.640000e+02 4.984000e-04 2.66576477e-02 7.32532646e-01 0 12  1.57972927e+00 -5.85782126e-01 1.06647459e-02 -2.11337881e-02 1.76817593e-02 -1.22367303e-02 4.02544434e-03 3.07742621e-03 -5.26577539e-03 3.06032068e-03 -8.20607746e-04 -7.45151641e-04  0.148%
    9  11  2 1.172000e+02 1.973000e-03 2.66601163e-02 7.32551286e-01 0  8  2.60801187e+00 -6.94492939e-01 -1.51883355e-01 4.98186196e-02 -1.93146116e-02 2.23180334e-03 2.90708924e-03 -3.00966427e-03  0.169%
    9  12  2 6.853000e+01 3.375000e-03 2.66541532e-02 7.32506256e-01 0  4  6.32697945e-01 -2.70893197e-01 3.10273035e-02 -6.61759203e-03  0.175%
    9  13  2 5.863000e+01 3.945000e-03 2.66534129e-02 7.32500665e-01 0 10  5.34379339e-01 -2.02218954e-01 -1.23317678e-02 5.28100559e-03 -3.07640036e-03 1.68819988e-03 -7.78195115e-04 -5.98492009e-04 8.90847816e-04 -5.89929411e-04  0.134%
    9  14  2 4.697000e+01 4.924000e-03 2.66551033e-02 7.32513432e-01 0  8  1.19347622e-01 -7.03249737e-02 1.09419618e-02 -3.00714153e-03 4.98881560e-04 4.98373769e-05 -1.36033457e-04 1.23329845e-04  0.196%
   10  11  2 1.569000e+02 1.474000e-03 2.66561892e-02 7.32521632e-01 0 10  1.09570433e+00 -4.12888788e-01 2.88906945e-02 -1.49052578e-02 9.61337640e-03 -5.68677215e-03 9.19406540e-04 1.90310908e-03 -2.13986379e-03 1.51330863e-03  0.162%
   10  12  2 8.039000e+01 2.877000e-03 2.66549070e-02 7.32511949e-01 0 13  1.03941050e+00 -3.56962220e-01 -6.25480192e-03 -1.80632329e-02 2.09154997e-02 -1.34958376e-02 3.09205244e-03 3.41525788e-03 -4.69758384e-03 2.97662584e-03 -3.95836490e-04 -6.94738422e-04 8.94682320e-04  0.145%
   10  13  2 6.711000e+01 3.446000e-03 2.66572595e-02 7.32529715e-01 0  9  1.00979082e+00 -2.59562963e-01 -1.16866596e-01 4.89260709e-02 -1.64852589e-02 6.36464326e-04 3.60731417e-03 -2.64287942e-03 1.21016197e-03  0.110%
   10  14  2 5.225000e+01 4.426000e-03 2.66575467e-02 7.32531884e-01 0 11  4.01496622e-01 -1.70097260e-01 2.10100061e-03 -1.62008551e-03 3.26054364e-03 -2.92980006e-03 9.02616467e-04 6.58191553e-04 -1.08226368e-03 7.43040902e-04 -1.69999839e-04  0.177%
   11  12  2 1.650000e+02 1.402000e-03 2.66495269e-02 7.32471312e-01 0 10  7.28501689e-01 -2.43262525e-01 -5.35333088e-02 3.11919774e-02 -1.20743066e-02 1.58134891e-03 1.33907009e-03 -2.02992032e-03 1.34183335e-03 -7.01502526e-04  0.125%
   11  13  2 1.173000e+02 1.972000e-03 2.66511417e-02 7.32483510e-01 0 10  2.12790579e+00 -5.40862965e-01 -1.67181198e-01 9.31234379e-02 -3.98391393e-02 6.16690443e-03 4.17942541e-03 -6.58928738e-03 4.39891279e-03 -2.35995408e-03  0.131%
   11  14  2 7.835000e+01 2.952000e-03 2.66541027e-02 7.32505875e-01 0  8  5.66579358e-01 -2.43788738e-01 3.52098894e-02 -9.67204347e-03 2.68577929e-03 -1.00110908e-03 -1.23809370e-04 4.98709397e-04  0.191%
   12  13  2 4.061000e+02 5.695000e-04 2.66558134e-02 7.32518794e-01 0  9  8.51395902e-01 -3.05775810e-01 2.11295927e-02 -5.51108002e-03 2.07477992e-03 -2.52577338e-03 6.17338101e-04 3.17900121e-04 -8.59571707e-04  0.198%
   12  14  2 1.493000e+02 1.549000e-03 2.66567389e-02 7.32525784e-01 0 13  9.27692510e-01 -2.61316591e-01 -3.68310439e-02 9.45277208e-04 1.11405980e-02 -1.20288817e-02 5.57753523e-03 1.86435712e-03 -4.30719150e-03 2.79366558e-03 -3.08845748e-04 -7.34557173e-04 8.13505395e-04  0.122%
   13  14  2 2.360000e+02 9.798000e-04 2.66604306e-02 7.32553658e-01 0  8  6.85865241e-01 -2.57004463e-01 -1.56442836e-02 1.31342727e-02 -5.18855021e-03 3.14213538e-04 4.16805134e-04 -6.72415027e-04  0.178%
