# MoCHII n-level atom data: [C II] (c_2), lowest 5 levels
# source: CHIANTI v11.0.2 .elvlc/.wgfa/.scups (tools/fitting/fit_nlevel.py)
# levels: index  g  E[cm^-1] (observed preferred)
# rad: l u A[s^-1] (duplicate rows summed)
# ups: l u type C dE[Ry] st_lo st_hi logf ncheb c_0..c_{n-1} maxerr
#   logf=1: the series stores log10 of the scaled Upsilon (apply 10^y before descaling)
#   Upsilon(T) = Burgess-Tully descaled Chebyshev series; see fit_nlevel.py header for the evaluation recipe
# fit range: 1.0e+03 - 1.0e+05 K; worst transition fit error: 0.56%
# generated on 2026-07-11
NLEV 5
    1    2.0          0.0000
    2    4.0         63.3970
    3    2.0      43003.2000
    4    4.0      43024.2000
    5    6.0      43053.4000
NRAD 7
    1   2  2.290000e-06
    1   3  5.916000e+01
    1   4  1.380000e+00
    1   5  8.200000e-04
    2   3  6.710000e+01
    2   4  8.353000e+00
    2   5  4.279000e+01
NUPS 10
    1   2  2 5.634000e+02 5.779000e-04 1.90816334e-02 6.60473996e-01 0 11  2.08225609e+00 1.58346436e-01 -2.29667420e-01 9.52670988e-02 -3.61133751e-02 -1.07826246e-02 1.91736343e-02 -1.23350403e-02 5.25188166e-03 -1.47343920e-03 1.07611812e-03  0.174%
    1   3  4 1.186000e+00 3.919000e-01 7.35100128e-02 8.34443428e-01 1 13  -1.73137278e-01 -3.72637506e-01 -7.25442862e-02 -4.36457085e-02 -5.02879217e-03 -7.39165723e-03 8.74491546e-05 2.68534252e-03 -5.84383523e-03 4.01251934e-03 -1.75229295e-03 3.86767126e-04 3.95399037e-04  0.549%
    1   4  4 1.186000e+00 3.921000e-01 7.34755061e-02 8.34396139e-01 1 11  3.27999529e-03 -3.67678658e-01 -7.22252728e-02 -4.45285969e-02 -5.15813974e-03 -7.32719934e-03 -4.29518210e-04 2.71331948e-03 -5.78857996e-03 3.72271380e-03 -1.89731951e-03  0.540%
    1   5  2 8.300000e-01 3.923000e-01 1.90804756e-02 6.60460125e-01 0 11  2.41072626e-01 2.98577977e-03 -1.58989686e-02 -3.76078608e-03 3.46315656e-03 -2.64148207e-03 1.17666151e-03 -3.53680935e-04 -6.06691550e-05 1.70638823e-04 -2.10136357e-04  0.108%
    2   3  4 1.186000e+00 3.913000e-01 7.36137273e-02 8.34585338e-01 0 12  5.87483591e-01 -4.00815432e-01 1.38189619e-02 -3.90265982e-02 1.81186373e-02 -1.09459594e-02 2.14338838e-03 6.84465400e-03 -1.07130981e-02 8.90941948e-03 -4.78074140e-03 1.55740483e-03  0.555%
    2   4  4 1.186000e+00 3.915000e-01 7.35791233e-02 8.34538027e-01 0 12  1.57718310e+00 -1.10613909e+00 4.68718426e-02 -9.83210692e-02 4.41175103e-02 -2.59419628e-02 6.87468656e-03 1.70307647e-02 -2.92556258e-02 2.43257780e-02 -1.28105041e-02 4.13484396e-03  0.556%
    2   5  4 1.186000e+00 3.918000e-01 7.35272782e-02 8.34467075e-01 1 11  4.55573434e-01 -3.61395872e-01 -7.11492350e-02 -4.28089030e-02 -5.37284477e-03 -7.45605745e-03 -1.22314353e-03 2.71976230e-03 -5.42036143e-03 3.46256301e-03 -1.83550514e-03  0.479%
    3   4  2 1.628000e+03 2.000000e-04 1.90809930e-02 6.60466323e-01 0 13  9.98244380e-01 3.15929556e-01 -8.15384135e-02 -2.09347099e-02 2.22502109e-02 -1.73811290e-02 6.93000194e-03 -3.13602794e-03 2.33039833e-03 -1.10024967e-03 1.13898041e-05 1.71642976e-04 -1.26083325e-04  0.334%
    3   5  2 7.109000e+02 4.580000e-04 1.90814414e-02 6.60471695e-01 0 11  8.12529699e-01 1.71851286e-01 -7.47569634e-02 1.42932233e-03 1.42676726e-02 -1.23080046e-02 3.65379917e-03 -4.48667059e-04 -1.69215013e-04 4.76057578e-04 -8.67654329e-04  0.154%
    4   5  2 1.262000e+03 2.580000e-04 1.90812229e-02 6.60469078e-01 0 12  2.11406938e+00 5.76879328e-01 -1.87460279e-01 -1.64228252e-02 3.81514238e-02 -3.00805674e-02 9.00972637e-03 -2.34322970e-03 2.24793031e-03 -6.44390630e-04 -7.33080863e-04 6.98498301e-04  0.140%
