# MoCHII n-level atom data: C III] (c_3), lowest 5 levels
# source: CHIANTI v11.0.2 .elvlc/.wgfa/.scups (tools/fitting/fit_nlevel.py)
# levels: index  g  E[cm^-1] (observed preferred)
# rad: l u A[s^-1] (duplicate rows summed)
# ups: l u type C dE[Ry] st_lo st_hi logf ncheb c_0..c_{n-1} maxerr
#   logf=1: the series stores log10 of the scaled Upsilon (apply 10^y before descaling)
#   Upsilon(T) = Burgess-Tully descaled Chebyshev series; see fit_nlevel.py header for the evaluation recipe
# fit range: 1.0e+03 - 1.0e+05 K; worst transition fit error: 0.35%
# generated on 2026-07-11
NLEV 5
    1    1.0          0.0000
    2    1.0      52367.1000
    3    3.0      52390.8000
    4    5.0      52447.1000
    5    3.0     102352.0000
NRAD 4
    1   3  1.040000e+02
    1   4  5.216000e-03
    1   5  1.769000e+09
    3   4  2.450000e-06
NUPS 10
    1   2  2 1.497000e+00 4.895000e-01 8.56919704e-03 4.63613206e-01 0 13  8.99138207e-02 2.74891864e-03 -3.15191811e-03 -3.40049772e-03 3.06312168e-03 -1.54670591e-03 4.47455787e-04 1.15521229e-04 -3.22702624e-04 3.03097418e-04 -2.49426675e-04 1.52008690e-04 -1.09233090e-04  0.186%
    1   3  4 1.437000e+00 4.898000e-01 2.41130646e-02 6.39008980e-01 1 13  -3.25859155e-01 -2.05161580e-01 -1.93834592e-02 -3.44227421e-02 6.66281929e-03 1.43037610e-04 -3.08128847e-03 3.12080217e-03 -1.84033924e-03 6.66066405e-04 1.03291440e-04 -3.40665318e-04 4.45060324e-04  0.120%
    1   4  2 1.494000e+00 4.904000e-01 8.57063376e-03 4.63655256e-01 1 13  -3.46537561e-01 1.13860400e-02 -1.31893490e-02 -1.79989029e-02 1.61429183e-02 -8.88511143e-03 2.91011874e-03 4.92418626e-04 -1.92891825e-03 1.96142399e-03 -1.65803617e-03 1.02014368e-03 -6.80314803e-04  0.202%
    1   5  1 1.141000e+00 1.003000e+00 4.01609129e-02 7.69546957e-01 0 11  3.15031659e+00 1.44614646e-01 -7.58382731e-03 3.04351058e-02 -2.16788115e-02 4.68286092e-03 6.99198206e-03 -1.02545056e-02 4.76899958e-03 -4.38225068e-05 -2.15810428e-03  0.089%
    2   3  2 2.289000e+03 3.200000e-04 8.57269402e-03 4.63715545e-01 0 13  8.78889674e-01 1.10647046e-01 -8.29417056e-02 -5.13289366e-03 1.28698746e-02 -9.44191951e-03 6.21937752e-03 -2.92000572e-03 -3.52701202e-04 2.07258550e-03 -2.79717580e-03 2.09724808e-03 -1.48271566e-03  0.193%
    2   4  2 7.622000e+02 9.612000e-04 8.57099284e-03 4.63665765e-01 0 12  8.04509430e-01 2.06953445e-01 -1.18448361e-01 -9.19110266e-03 1.79698956e-02 -6.42706160e-03 -7.28044532e-04 2.86961671e-03 -2.24116120e-03 6.42787082e-04 1.98399703e-04 -5.49811812e-04  0.082%
    2   5  2 1.427000e+00 5.133000e-01 8.57270446e-03 4.63715851e-01 0 13  2.37952468e-01 -6.69078857e-04 -3.06625057e-02 1.55499726e-02 -7.31358447e-03 3.75950034e-03 -2.49370482e-03 1.18053773e-03 4.33415356e-04 -1.24473280e-03 1.50919449e-03 -1.09627427e-03 7.84324875e-04  0.352%
    3   4  2 1.143000e+03 6.412000e-04 8.56792075e-03 4.63575845e-01 0 12  2.90484796e+00 6.08551411e-01 -3.75536082e-01 -2.53707437e-02 5.67840516e-02 -2.54503911e-02 5.09638124e-03 3.96728651e-03 -5.27179947e-03 3.65022492e-03 -1.66047180e-03 8.06798850e-04  0.114%
    3   5  2 1.428000e+00 5.130000e-01 8.57171945e-03 4.63687028e-01 0 13  7.13916422e-01 -2.50095116e-03 -9.16214167e-02 4.70554637e-02 -2.17338363e-02 1.07578361e-02 -7.31394823e-03 3.59050113e-03 1.23924711e-03 -3.69346381e-03 4.48772687e-03 -3.26119093e-03 2.33866894e-03  0.350%
    4   5  2 1.430000e+00 5.124000e-01 8.56977098e-03 4.63630005e-01 0 13  1.19142537e+00 -2.67145140e-03 -1.50696742e-01 8.09076453e-02 -3.85309664e-02 1.74790104e-02 -1.13994449e-02 5.43086575e-03 2.32799449e-03 -6.11819126e-03 7.22784733e-03 -5.19669270e-03 3.74872489e-03  0.337%
