# MoCHII n-level atom data: [S II] (s_2), lowest 5 levels
# source: CHIANTI v11.0.2 .elvlc/.wgfa/.scups (tools/fitting/fit_nlevel.py)
# levels: index  g  E[cm^-1] (observed preferred)
# rad: l u A[s^-1] (duplicate rows summed)
# ups: l u type C dE[Ry] st_lo st_hi logf ncheb c_0..c_{n-1} maxerr
#   logf=1: the series stores log10 of the scaled Upsilon (apply 10^y before descaling)
#   Upsilon(T) = Burgess-Tully descaled Chebyshev series; see fit_nlevel.py header for the evaluation recipe
# fit range: 1.0e+03 - 1.0e+05 K; worst transition fit error: 1.25%
# generated on 2026-07-11
NLEV 5
    1    4.0          0.0000
    2    4.0      14852.9400
    3    6.0      14884.7300
    4    2.0      24524.8300
    5    4.0      24571.5390
NRAD 9
    1   2  6.320000e-04
    1   3  2.195000e-04
    1   4  7.640000e-02
    1   5  1.900000e-01
    2   3  1.710000e-07
    2   4  1.474000e-01
    2   5  1.165000e-01
    3   4  7.160000e-02
    3   5  1.605000e-01
NUPS 10
    1   2  2 4.313000e-01 1.356000e-01 9.77141009e-02 9.15466405e-01 1 13  3.89783366e-01 -1.36815495e-01 -3.72699751e-02 -3.87064655e-02 -2.35713516e-02 -8.05052670e-03 -9.38830100e-03 -4.50572833e-03 1.92403542e-03 2.79368936e-03 4.22845078e-04 -2.30153041e-04 -4.79914725e-04  1.061%
    1   3  2 4.307000e-01 1.358000e-01 9.77068955e-02 9.15460080e-01 1 13  5.62353573e-01 -9.03028773e-02 -2.84764782e-02 -1.96208077e-02 -1.19150429e-02 -6.74902163e-03 -4.73840297e-03 -3.69227048e-03 -2.14513767e-03 -5.45462223e-04 4.63219354e-04 5.61131380e-04 3.76417887e-04  0.235%
    1   4  2 2.605000e-01 2.245000e-01 9.77171613e-02 9.15469091e-01 1 13  -1.67357564e-01 -2.64142115e-02 -2.93679274e-02 -3.27838735e-02 -2.31096575e-02 -1.08062133e-02 -5.87644976e-03 -2.54674920e-03 -1.70937587e-04 1.10340472e-03 7.12307461e-04 1.66085594e-04 -6.12906362e-04  0.548%
    1   5  2 2.603000e-01 2.247000e-01 9.77063680e-02 9.15459616e-01 0 12  1.40186867e+00 -3.29831323e-02 -4.48060824e-02 -7.09941497e-02 -6.47230952e-02 -3.20774433e-02 -1.06473111e-02 1.54906287e-03 -4.72978222e-03 -6.67715434e-03 -3.46922029e-03 8.22985014e-03  1.252%
    2   3  2 2.568000e+02 2.278000e-04 9.76918550e-02 9.15446874e-01 1 13  8.18106214e-01 -1.01042832e-01 -2.85058965e-02 -1.71228117e-02 -1.01859099e-02 -7.05577934e-03 -5.75239507e-03 -3.73599565e-03 -1.32561958e-03 -4.42830567e-04 -3.46072508e-04 -4.74067096e-04 2.50660066e-04  0.779%
    2   4  2 6.581000e-01 8.887000e-02 9.77124924e-02 9.15464993e-01 0 12  1.45890010e+00 -7.91480113e-02 -7.11382079e-02 -5.88406586e-02 -4.46951352e-02 -3.02303634e-02 -1.77612954e-02 -7.96480308e-03 -1.92520825e-03 1.32715693e-03 1.78783288e-03 1.47532296e-03  0.147%
    2   5  2 6.565000e-01 8.909000e-02 9.77091188e-02 9.15462031e-01 0 12  2.33424531e+00 -1.26626984e-01 -1.13812671e-01 -9.41385319e-02 -7.15078703e-02 -4.83662141e-02 -2.84172507e-02 -1.27437810e-02 -3.08081969e-03 2.12301657e-03 2.86028677e-03 2.36051042e-03  0.147%
    3   4  2 6.599000e-01 8.864000e-02 9.77001493e-02 9.15454157e-01 1 13  2.20069427e-01 -6.67276472e-02 -5.65287998e-02 -4.23045994e-02 -2.73620134e-02 -1.43343467e-02 -5.32232820e-03 -3.44313711e-04 1.09389030e-03 8.10429547e-04 -1.99072153e-04 -5.94206340e-04 -7.29706223e-04  0.322%
    3   5  2 6.582000e-01 8.886000e-02 9.77090178e-02 9.15461943e-01 0 12  3.98766931e+00 -2.16320631e-01 -1.94429578e-01 -1.60819685e-01 -1.22159076e-01 -8.26255083e-02 -4.85461026e-02 -2.17706344e-02 -5.26309273e-03 3.62679834e-03 4.88631147e-03 4.03253898e-03  0.147%
    4   5  2 2.674000e+02 2.187000e-04 9.77199806e-02 9.15471565e-01 1 13  2.30971953e-01 -4.56055030e-02 -4.48062438e-02 -3.77623788e-02 -2.75168174e-02 -1.58526012e-02 -4.88241276e-03 1.00807078e-03 2.17427165e-03 2.97441260e-05 -2.13216808e-03 -2.70250680e-03 -7.89349978e-04  1.226%
