# MoCHII Tier-2 n-level atom data: [O III] (o_3), lowest 6 levels
# source: CHIANTI v11.0.2 .elvlc/.wgfa/.scups (tools/fitting/fit_nlevel_tier2.py)
# levels: index  g  E[cm^-1] (observed preferred)
# rad: l u A[s^-1] (duplicate rows summed)
# ups: l u type C dE[Ry] st_lo st_hi logf ncheb c_0..c_{n-1} maxerr
#   logf=1: the series stores log10 of the scaled Upsilon (apply 10^y before descaling)
#   Upsilon(T) = Burgess-Tully descaled Chebyshev series; see fit_nlevel_tier2.py header for the evaluation recipe
# fit range: 1.0e+03 - 1.0e+05 K; worst transition fit error: 1.68%
# generated on 2026-07-11
NLEV 6
    1    1.0          0.0000
    2    3.0        113.2000
    3    5.0        306.2000
    4    5.0      20273.3000
    5    1.0      43185.7000
    6    5.0      60324.8000
NRAD 10
    1   2  2.597000e-05
    1   4  2.322000e-06
    2   3  9.632000e-05
    2   4  6.951000e-03
    2   5  2.255000e-01
    2   6  2.308000e+02
    3   4  2.029000e-02
    3   5  6.998000e-04
    3   6  5.765000e+02
    4   5  1.685000e+00
NUPS 15
    1   2  2 3.124000e+01 1.033000e-03 1.64064191e-01 9.51518466e-01 0 13  5.38647982e-01 3.30629013e-02 1.18558563e-02 -1.75464710e-03 2.48845905e-03 3.97119514e-03 3.02379695e-03 1.16096102e-03 3.61101811e-05 -5.79243554e-04 -8.82873961e-04 -8.04428973e-04 -7.33361769e-04  0.191%
    1   3  2 1.059000e+01 3.047000e-03 1.64077749e-01 9.51523026e-01 1 13  -5.81414122e-01 7.40600253e-02 2.91998861e-02 1.10294110e-02 2.76961363e-03 2.09807281e-03 -4.36311088e-04 -1.60842787e-03 -1.56661183e-03 -1.21356493e-03 -3.23203173e-04 -2.25412192e-04 2.98100339e-04  0.324%
    1   4  2 1.549000e-01 2.083000e-01 1.64086506e-01 9.51525971e-01 1 13  -5.98096445e-01 6.14331357e-02 3.08591445e-02 -8.77835167e-03 -6.15010033e-03 -2.50613861e-03 -3.89556527e-03 -3.95073317e-03 -2.00079655e-03 -9.32298907e-04 4.95868708e-04 1.16087860e-03 1.14367942e-03  0.564%
    1   5  2 1.000000e-01 3.878000e-01 1.40392695e-01 9.42303885e-01 0 13  3.38027421e-02 6.68989913e-03 2.84098086e-03 -2.40504674e-04 -2.68569041e-04 -4.11228295e-04 -4.65258957e-04 -4.57560380e-04 -3.61329411e-04 8.24821857e-05 1.26148061e-04 2.27693775e-04 -6.59851268e-05  0.940%
    2   3  2 1.603000e+01 2.013000e-03 1.64074944e-01 9.51522083e-01 0 12  1.25536030e+00 1.66557307e-01 5.23463189e-02 2.01347349e-02 8.17284690e-03 9.10503921e-03 2.52056534e-03 -8.57379351e-04 -2.33731285e-03 -2.43604381e-03 -1.44088620e-03 -1.03630007e-03  0.100%
    2   4  2 1.558000e-01 2.072000e-01 1.64018135e-01 9.51502971e-01 1 13  -1.19333952e-01 6.12956391e-02 3.05960493e-02 -8.80981074e-03 -5.92715863e-03 -2.32771553e-03 -3.97790469e-03 -4.03038841e-03 -2.21025235e-03 -8.17528290e-04 6.27108809e-04 8.69687489e-04 1.20514394e-03  0.606%
    2   5  2 1.000000e-01 3.868000e-01 1.40704584e-01 9.42444100e-01 1 13  -9.97608581e-01 8.48172446e-02 3.16977387e-02 -5.24914584e-03 -4.43550107e-03 -3.32904082e-03 -5.22162301e-03 -4.39052130e-03 -2.04615687e-03 1.57657469e-04 1.75666934e-03 1.43282473e-03 1.34557050e-03  0.668%
    3   4  2 1.573000e-01 2.052000e-01 1.64034277e-01 9.51508403e-01 1 13  1.05832283e-01 6.12148073e-02 3.02448810e-02 -8.74978558e-03 -5.74007384e-03 -2.39067511e-03 -4.12201773e-03 -4.05571473e-03 -2.35461311e-03 -9.65478867e-04 3.97315037e-04 8.35944926e-04 1.02892394e-03  0.552%
    3   5  2 1.000000e-01 3.848000e-01 1.41332539e-01 9.42724655e-01 1 13  -7.71941223e-01 8.49698060e-02 3.13614767e-02 -5.20352668e-03 -4.13476862e-03 -2.80213091e-03 -5.27134487e-03 -5.05043336e-03 -1.85198591e-03 -6.23766748e-04 1.30325082e-03 1.90870505e-03 7.82402558e-04  0.772%
    4   5  2 1.798000e-01 1.795000e-01 1.64050677e-01 9.51513921e-01 1 13  -2.91301740e-01 1.12941501e-01 -3.00575254e-02 -2.00514044e-02 1.17834099e-02 4.60388449e-03 -2.90935662e-03 -2.50594037e-03 -1.76565221e-03 -1.43229638e-03 2.53455924e-04 5.57600639e-04 1.08748272e-03  0.557%
    1   6  2 1.547000e+00 4.737000e-01 8.56882142e-03 4.63602211e-01 0 13  1.27351961e-01 6.30952654e-03 -1.27372855e-02 2.19495908e-03 5.81521418e-05 -4.71109556e-04 6.57231682e-04 -5.12237015e-04 1.56691864e-04 1.08051517e-04 -2.48923796e-04 2.08628381e-04 -1.46911747e-04  0.108%
    2   6  4 1.455000e+00 4.727000e-01 2.38608127e-02 6.35133718e-01 0 12  6.61262371e-01 -2.36535566e-01 -6.98304875e-02 -3.55209547e-04 8.78144902e-03 -4.82990225e-03 9.47461845e-04 1.77782360e-03 -2.34585468e-03 1.23339648e-03 -2.72668656e-04 -3.60914813e-04  0.184%
    3   6  4 1.458000e+00 4.707000e-01 2.37839038e-02 6.34234867e-01 0 12  1.09955734e+00 -3.90073997e-01 -1.15668616e-01 -1.55779633e-03 1.49367673e-02 -8.01098799e-03 1.50553449e-03 3.07763402e-03 -4.00305778e-03 2.08886613e-03 -4.60737863e-04 -6.13955847e-04  0.188%
    4   6  4 1.801000e+00 2.655000e-01 2.18764714e-02 5.89110998e-01 0 12  4.41216721e-04 5.50754970e-04 1.02220332e-04 -1.09293803e-04 -5.98920282e-05 1.25114829e-05 1.23132452e-05 -3.96899250e-06 -2.84147797e-06 1.47308197e-06 1.15373873e-07 -7.83705848e-07  0.664%
    5   6  2 8.526000e+00 8.593000e-02 8.57084740e-03 4.63661508e-01 1 12  -4.07792951e+00 1.08116803e+00 -2.87613320e-01 -1.02895274e-01 1.31181004e-01 -4.81457558e-02 -1.75788623e-02 3.29284855e-02 -2.05690044e-02 1.31565817e-03 6.90311253e-03 -7.66839356e-03  1.681%
