# MoCHII Tier-2 n-level atom data: Si III] (si_3), lowest 5 levels
# source: CHIANTI v11.0.2 .elvlc/.wgfa/.scups (tools/fitting/fit_nlevel_tier2.py)
# levels: index  g  E[cm^-1] (observed preferred)
# rad: l u A[s^-1] (duplicate rows summed)
# ups: l u type C dE[Ry] st_lo st_hi logf ncheb c_0..c_{n-1} maxerr
#   logf=1: the series stores log10 of the scaled Upsilon (apply 10^y before descaling)
#   Upsilon(T) = Burgess-Tully descaled Chebyshev series; see fit_nlevel_tier2.py header for the evaluation recipe
# fit range: 1.0e+03 - 1.0e+05 K; worst transition fit error: 0.65%
# generated on 2026-07-11
NLEV 5
    1    1.0          0.0000
    2    1.0      52724.7000
    3    3.0      52853.3000
    4    5.0      53115.0000
    5    3.0      82884.4000
NRAD 4
    1   3  1.721000e+04
    1   4  1.250000e-02
    1   5  2.469000e+09
    3   4  2.487000e-04
NUPS 10
    1   2  2 1.571000e+00 4.662000e-01 8.57362006e-03 4.63742640e-01 1 13  -3.34967958e-01 -2.95327323e-01 6.13308160e-02 -3.66433148e-02 1.51914463e-02 -5.41048868e-03 1.19941962e-03 1.39097354e-03 -2.97299995e-03 2.89023567e-03 -2.28200217e-03 1.38328234e-03 -9.23857017e-04  0.397%
    1   3  4 1.461000e+00 4.672000e-01 2.37826660e-02 6.33894021e-01 1 13  4.18123660e-01 -5.23094101e-01 3.26598035e-03 -3.25531882e-02 5.43364919e-04 1.09884546e-03 -3.61978395e-03 4.40360251e-03 -2.61120560e-03 7.13732038e-04 4.26408156e-04 -7.17011159e-04 7.06231205e-04  0.158%
    1   4  2 1.561000e+00 4.692000e-01 8.57337635e-03 4.63735509e-01 1 12  3.54907072e-01 -2.93368350e-01 6.47275893e-02 -4.03500594e-02 1.79240312e-02 -7.40985567e-03 3.21244134e-03 6.86032165e-04 -2.93393564e-03 3.87631712e-03 -2.73777065e-03 2.13556815e-03  0.648%
    1   5  1 1.239000e+00 7.660000e-01 3.01024196e-02 7.04626933e-01 0  9  5.96450067e+00 1.08407464e+00 -1.56168336e-01 -2.53356060e-02 4.82490866e-02 -1.90447916e-02 -3.21276244e-03 1.27187780e-02 -1.26150061e-02  0.162%
    2   3  2 7.261000e+02 1.009000e-03 8.57089704e-03 4.63662961e-01 0 12  2.04520686e+00 -5.44052329e-01 9.91446941e-02 -9.55152660e-02 4.25423643e-02 -1.34138971e-02 4.01312115e-03 1.05954214e-03 -3.65091325e-03 4.45384599e-03 -2.87431888e-03 2.23570695e-03  0.170%
    2   4  2 2.406000e+02 3.045000e-03 8.57098867e-03 4.63665643e-01 1 13  4.73247638e-01 -8.57050808e-02 -2.05535520e-02 9.10239733e-03 -6.89418632e-03 6.22055247e-03 -5.28209862e-03 3.02679916e-03 -4.92322467e-05 -1.71839690e-03 2.50370628e-03 -1.92059066e-03 1.34913123e-03  0.293%
    2   5  2 2.444000e+00 2.998000e-01 8.57001217e-03 4.63637064e-01 1 13  -1.10938445e-01 -1.65800253e-01 2.64316313e-03 -2.03519519e-02 1.28260178e-02 -7.16944014e-03 3.80248711e-03 -9.52977486e-04 -1.40873173e-03 2.32472479e-03 -2.47316127e-03 1.71105175e-03 -1.13969401e-03  0.307%
    3   4  2 3.598000e+02 2.036000e-03 8.57184938e-03 4.63690830e-01 1 13  9.62591398e-01 -9.04540504e-02 -1.29911132e-02 2.65763593e-03 -3.61063942e-03 4.22288440e-03 -3.99670313e-03 2.43918031e-03 -1.82736127e-04 -1.23741803e-03 1.88821806e-03 -1.46333971e-03 1.00596269e-03  0.213%
    3   5  2 2.452000e+00 2.988000e-01 8.57063376e-03 4.63655256e-01 1 13  3.66329406e-01 -1.65205686e-01 2.76841805e-03 -2.02011092e-02 1.28738373e-02 -7.42300584e-03 4.15165095e-03 -1.20027585e-03 -1.37161514e-03 2.43186123e-03 -2.64596921e-03 1.84654543e-03 -1.22911951e-03  0.333%
    4   5  2 2.468000e+00 2.968000e-01 8.57243411e-03 4.63707940e-01 1 13  5.88209655e-01 -1.64753159e-01 2.24248136e-03 -2.07789836e-02 1.33096884e-02 -7.55502286e-03 4.25286004e-03 -1.24250972e-03 -1.40410146e-03 2.49537696e-03 -2.71400826e-03 1.89323800e-03 -1.26160320e-03  0.344%
