# MoCHII n-level atom data: [Fe II] (fe_2), lowest 16 levels
# source: CHIANTI v11.0.2 .elvlc/.wgfa/.scups (tools/fitting/fit_nlevel.py)
# levels: index  g  E[cm^-1] (observed preferred)
# rad: l u A[s^-1] (duplicate rows summed)
# ups: l u type C dE[Ry] st_lo st_hi logf ncheb c_0..c_{n-1} maxerr
#   logf=1: the series stores log10 of the scaled Upsilon (apply 10^y before descaling)
#   Upsilon(T) = Burgess-Tully descaled Chebyshev series; see fit_nlevel.py header for the evaluation recipe
# fit range: 1.0e+03 - 1.0e+05 K; worst transition fit error: 0.20%
# generated on 2026-07-11
NLEV 16
    1   10.0          0.0000
    2    8.0        384.7900
    3    6.0        667.6830
    4    4.0        862.6130
    5    2.0        977.0530
    6   10.0       1872.5670
    7    8.0       2430.0970
    8    6.0       2837.9500
    9    4.0       3117.4610
   10    8.0       7955.2990
   11    6.0       8391.9380
   12    4.0       8680.4540
   13    2.0       8846.7680
   14    6.0      13474.4110
   15    4.0      13673.1850
   16    2.0      13904.8240
NRAD 62
    1   2  2.130000e-03
    1   6  2.800000e-04
    1   7  1.000000e-04
    1  10  5.600000e-03
    2   3  1.570000e-03
    2   7  1.800000e-04
    2   8  6.900000e-04
    2  10  1.600000e-03
    2  11  4.800000e-04
    2  14  1.500000e-03
    3   4  7.180000e-04
    3   7  3.400000e-05
    3   8  1.000000e-04
    3   9  2.800000e-05
    3  10  9.700000e-04
    3  11  2.400000e-03
    3  15  1.800000e-03
    4   5  1.880000e-04
    4   8  2.500000e-05
    4   9  4.000000e-05
    4  11  1.400000e-03
    4  12  3.000000e-03
    4  13  7.800000e-04
    4  16  1.800000e-03
    5   9  9.900000e-06
    5  12  1.300000e-03
    5  13  4.000000e-03
    5  15  2.200000e-04
    5  16  5.200000e-04
    6   7  6.120000e-03
    6  10  1.900000e-03
    6  11  1.000000e-03
    6  14  1.900000e-02
    7   8  3.660000e-03
    7  10  4.200000e-04
    7  11  8.000000e-04
    7  12  1.400000e-03
    7  14  4.900000e-03
    7  15  1.100000e-02
    8   9  1.410000e-03
    8  11  5.800000e-04
    8  12  3.800000e-04
    8  13  1.600000e-03
    8  15  6.900000e-03
    8  16  8.200000e-03
    9  12  6.800000e-04
    9  13  8.000000e-04
    9  15  2.000000e-03
    9  16  1.100000e-02
   10  11  2.560000e-03
   10  14  6.130000e-04
   10  15  6.100000e-04
   11  12  1.360000e-03
   11  14  2.700000e-04
   11  16  7.600000e-04
   12  13  3.710000e-04
   12  14  7.700000e-05
   12  15  1.600000e-04
   12  16  2.500000e-04
   13  15  1.500000e-04
   14  15  1.900000e-04
   15  16  5.500000e-04
NUPS 120
    1   2  2 2.500000e+01 3.510000e-03 6.73190819e-02 8.78312992e-01 0  7  5.59169504e+00 -1.11914563e+00 8.26054405e-03 -2.72223424e-01 -9.44179310e-02 -7.35861238e-03 1.13069008e-02  0.131%
    1   3  2 2.200000e+01 6.080000e-03 4.52099317e-02 8.25634064e-01 0  5  1.65213221e+00 -2.09902767e-01 5.80116868e-02 -1.74908785e-01 7.88142743e-03  0.158%
    1   4  2 1.700000e+01 7.860000e-03 4.52551566e-02 8.25784770e-01 0  5  7.45989383e-01 -1.21176873e-01 4.33702901e-02 -6.89891302e-02 7.93981955e-04  0.034%
    1   5  2 1.530000e+01 8.900000e-03 4.44453480e-02 8.23048366e-01 0  4  3.11805426e-01 -5.05107876e-02 2.00884391e-02 -2.52647236e-02  0.199%
    1   6  2 5.000000e+00 1.706000e-02 6.91189861e-02 8.81307259e-01 0  7  3.06609381e+00 -1.32409975e+00 -3.73228955e-01 8.01885488e-02 -3.55341212e-02 -2.52287443e-03 4.29535937e-03  0.085%
    1   7  2 5.000000e+00 2.214000e-02 5.41179787e-02 8.51222138e-01 0  7  1.26548771e+00 -6.02342157e-01 -1.06023177e-01 3.98231059e-02 -1.98999760e-02 -2.72864481e-03 2.10502311e-03  0.131%
    1   8  2 4.000000e+00 2.586000e-02 5.76971311e-02 8.59609561e-01 0  7  4.23546560e-01 -2.32157018e-01 -2.77967808e-02 1.17080827e-02 -6.61444040e-03 -7.89497885e-04 7.32899594e-04  0.117%
    1   9  2 4.000000e+00 2.841000e-02 5.27917967e-02 8.47871957e-01 0  9  1.14158823e-01 -6.82375452e-02 -6.53013425e-03 4.87010198e-03 -2.63055901e-03 -3.14410788e-04 2.42249772e-04 1.21525184e-04 -5.64972002e-05  0.136%
    1  10  2 1.400000e+00 7.249000e-02 5.87427682e-02 8.61895308e-01 0  5  1.04415964e+01 -6.28705366e+00 4.27916426e-01 -2.51232591e-01 -4.57513495e-02  0.089%
    1  11  2 1.200000e+00 7.647000e-02 6.45644912e-02 8.73451013e-01 0  7  5.83036310e-01 -8.39372510e-02 -1.00761761e-02 -8.07708381e-02 5.59264110e-03 4.97738397e-04 -6.58467029e-04  0.075%
    1  12  2 1.200000e+00 7.910000e-02 6.25520641e-02 8.69665927e-01 0  5  1.97738226e-01 -1.61187393e-02 -7.77543965e-03 -2.40020747e-02 6.95664557e-04  0.096%
    1  13  2 1.300000e+00 8.062000e-02 5.69879846e-02 8.58018831e-01 0  7  6.39118828e-02 1.70821616e-03 -4.07655970e-03 -8.69182961e-03 1.08443920e-03 1.33125590e-04 -1.19176566e-04  0.175%
    1  14  2 8.000000e-01 1.228000e-01 6.05661632e-02 8.65719397e-01 0  5  8.04786248e-01 -1.08381654e-01 -1.47047003e-01 -2.12639379e-02 3.39207983e-03  0.142%
    1  15  2 8.000000e-01 1.246000e-01 5.97434833e-02 8.64018764e-01 0  7  4.29012142e-01 -3.73407275e-02 -7.90159110e-02 -1.30024413e-02 2.62941897e-03 2.88834743e-04 -2.97646509e-04  0.069%
    1  16  2 8.000000e-01 1.267000e-01 5.88114964e-02 8.62043117e-01 0 10  2.49135584e-02 1.02027744e-02 -1.17875347e-02 -2.37917361e-03 7.92867540e-04 7.92899630e-05 -7.75583928e-05 -2.33628575e-05 2.10577931e-05 1.30669374e-05  0.107%
    2   3  2 5.300000e+01 2.570000e-03 4.44328760e-02 8.23005587e-01 0  5  5.19841236e+00 -9.33395650e-01 -2.46522956e-01 -2.63222105e-01 2.04825147e-02  0.142%
    2   4  2 3.000000e+01 4.350000e-03 4.62870381e-02 8.29157693e-01 0  5  1.35179918e+00 -4.76013186e-02 1.97649469e-02 -1.48242605e-01 2.17706343e-03  0.058%
    2   5  2 2.530000e+01 5.390000e-03 4.43839907e-02 8.22837720e-01 0  4  4.65805035e-01 -5.09026443e-02 1.06655655e-02 -4.85400044e-02  0.180%
    2   6  2 7.000000e+00 1.355000e-02 6.25953384e-02 8.69749524e-01 0  7  1.39133521e+00 -6.33771234e-01 -1.40248275e-01 3.48076095e-02 -1.73597155e-02 -1.68856572e-03 2.01465763e-03  0.097%
    2   7  2 5.000000e+00 1.863000e-02 6.36649825e-02 8.71784692e-01 0  7  1.25321365e+00 -5.79567976e-01 -1.40753302e-01 4.25903841e-02 -1.90071086e-02 -1.76266550e-03 2.22374730e-03  0.117%
    2   8  2 4.000000e+00 2.235000e-02 6.61588157e-02 8.76307884e-01 0  7  8.73926461e-01 -3.51471299e-01 -1.04938734e-01 2.02258135e-02 -1.01371951e-02 -8.36600295e-04 1.20582034e-03  0.090%
    2   9  2 4.000000e+00 2.490000e-02 5.97886010e-02 8.64113068e-01 0  7  3.82201336e-01 -2.04643516e-01 -2.65290874e-02 9.09191230e-03 -5.15889522e-03 -5.65633774e-04 5.84234314e-04  0.100%
    2  10  2 1.600000e+00 6.898000e-02 5.42719369e-02 8.51602122e-01 0  5  2.37214516e+00 -1.20262958e+00 6.51445152e-02 -1.24325218e-01 1.13114592e-02  0.109%
    2  11  2 1.800000e+00 7.296000e-02 4.60086332e-02 8.28259888e-01 0  5  6.00126387e+00 -3.68120901e+00 3.73333141e-01 -1.87643296e-01 8.14633251e-03  0.035%
    2  12  2 1.300000e+00 7.559000e-02 6.05505296e-02 8.65687448e-01 0  7  3.68886409e-01 -4.43328512e-02 -1.14348666e-02 -5.52259548e-02 7.24295788e-03 7.69283767e-04 -8.26134628e-04  0.164%
    2  13  2 1.500000e+00 7.711000e-02 5.19155296e-02 8.45579730e-01 0  9  1.25042501e-01 -2.37376847e-02 -5.06847684e-03 -1.68975566e-02 3.60889407e-03 4.46144399e-04 -3.28569760e-04 -1.71422313e-04 7.42496010e-05  0.101%
    2  14  2 7.000000e-01 1.193000e-01 7.04960787e-02 8.83507846e-01 0  4  5.81606585e-01 -5.37361004e-02 -1.05722015e-01 -2.06844377e-02  0.153%
    2  15  2 7.000000e-01 1.211000e-01 6.95210894e-02 8.81957686e-01 0  4  1.88888205e-01 -1.46742378e-02 -4.23627690e-02 -7.50911710e-03  0.151%
    2  16  2 7.000000e-01 1.232000e-01 6.84171464e-02 8.80156027e-01 0  5  2.47826972e-01 -2.27693539e-02 -4.14720052e-02 -8.80126389e-03 5.53214831e-04  0.068%
    3   4  2 7.660000e+01 1.780000e-03 4.43899010e-02 8.22858031e-01 0  5  4.02525452e+00 -8.42388944e-01 -2.20742566e-01 -1.65719788e-01 1.53499574e-02  0.136%
    3   5  2 4.000000e+01 2.820000e-03 5.31640268e-02 8.48826458e-01 0  7  8.55901253e-01 9.06394893e-03 3.73772042e-02 -1.01287319e-01 -8.01358582e-03 -1.13888504e-03 8.35296575e-04  0.093%
    3   6  2 1.000000e+01 1.098000e-02 5.45373765e-02 8.52253003e-01 0  7  5.38627188e-01 -2.80749459e-01 -3.67810365e-02 1.56395576e-02 -8.56574231e-03 -1.15600552e-03 9.11652199e-04  0.126%
    3   7  2 6.000000e+00 1.606000e-02 6.16749408e-02 8.67949769e-01 0  7  9.39017452e-01 -3.94095485e-01 -1.07546250e-01 2.73157358e-02 -1.27715949e-02 -1.29309262e-03 1.47114644e-03  0.111%
    3   8  2 4.000000e+00 1.978000e-02 7.41176663e-02 8.88951629e-01 0  7  8.24693225e-01 -3.85162121e-01 -1.00362144e-01 2.08958411e-02 -9.14659567e-03 -4.82783441e-04 1.12807563e-03  0.079%
    3   9  2 4.000000e+00 2.233000e-02 6.62141477e-02 8.76404890e-01 0  7  6.30176361e-01 -2.62173530e-01 -7.18148789e-02 1.34906422e-02 -6.91169612e-03 -5.68878445e-04 8.22421866e-04  0.084%
    3  10  2 1.700000e+00 6.641000e-02 5.31207752e-02 8.48716126e-01 0  7  4.99775203e-01 -1.42307025e-01 -1.00256590e-02 -5.02831972e-02 8.54159139e-03 1.21588631e-03 -8.89715420e-04  0.140%
    3  11  2 1.600000e+00 7.039000e-02 5.32426839e-02 8.49026721e-01 0  5  2.68965441e+00 -1.51405567e+00 1.07653994e-01 -9.93928184e-02 1.72492900e-03  0.014%
    3  12  2 1.600000e+00 7.302000e-02 5.14236275e-02 8.44264349e-01 0  5  3.34239108e+00 -2.03089349e+00 1.75080047e-01 -9.03294814e-02 -5.78141851e-03  0.039%
    3  13  2 1.400000e+00 7.454000e-02 5.72196648e-02 8.58542213e-01 0  9  2.01651809e-01 -3.19905273e-02 -6.57946870e-03 -3.11976426e-02 5.82461909e-03 5.84359050e-04 -5.62204248e-04 -2.31581345e-04 1.47872260e-04  0.094%
    3  14  3 1.100000e+00 1.167000e-01 4.70189515e-02 8.31476231e-01 0  6  7.82639920e-01 5.24263496e-01 6.15678520e-02 1.05950955e-02 8.16989790e-03 1.38515228e-03  0.191%
    3  15  3 1.100000e+00 1.185000e-01 4.63378346e-02 8.29320547e-01 0  6  5.26039886e-01 3.29375805e-01 2.88446219e-02 4.54022575e-03 4.31442464e-03 7.49969995e-04  0.134%
    3  16  3 1.100000e+00 1.206000e-01 4.55677245e-02 8.26819666e-01 0  6  4.85139283e-01 3.01949079e-01 3.65653861e-02 7.83214833e-03 4.55597953e-03 8.14593343e-04  0.138%
    4   5  3 1.000000e+02 1.040000e-03 5.74042884e-02 8.58956719e-01 0 10  3.53706413e+02 4.39093616e+02 1.35047947e+02 3.08313244e+01 5.10702176e+00 5.40747566e-01 -4.93745640e-01 -1.58759508e-01 1.30377916e-01 8.79771323e-02  0.036%
    4   6  3 1.200000e+01 9.200000e-03 5.42570594e-02 8.51565483e-01 0  6  2.24229801e+00 1.94899094e+00 2.29973119e-01 7.53715626e-02 -3.48927235e-03 -4.51141185e-04  0.085%
    4   7  3 8.000000e+00 1.428000e-02 5.25290935e-02 8.47191484e-01 0  8  4.81535928e+00 4.38379255e+00 7.45871565e-01 2.25635814e-01 3.20937527e-02 3.90653409e-03 -3.31055412e-03 -1.50731734e-03  0.027%
    4   8  3 7.000000e+00 1.800000e-02 4.78610271e-02 8.34071302e-01 0  6  4.96411571e+00 4.24850480e+00 6.37242371e-01 2.15782389e-01 1.98998401e-02 3.27113604e-03  0.135%
    4   9  3 6.000000e+00 2.055000e-02 4.88578732e-02 8.37047520e-01 0  8  4.21360270e+00 3.62972724e+00 5.94230876e-01 1.97833481e-01 2.31655474e-02 3.23776653e-03 -2.22232035e-03 -1.21465074e-03  0.021%
    4  10  3 2.000000e+00 6.463000e-02 4.67103318e-02 8.30505877e-01 0  6  5.53803959e-01 5.04549002e-01 1.24957554e-01 -1.27191496e-02 1.64962445e-03 2.82865519e-04  0.063%
    4  11  3 1.900000e+00 6.861000e-02 4.63347837e-02 8.29310774e-01 0  5  1.77844353e+00 1.07775247e+00 2.84864694e-01 -2.43985374e-02 4.65682342e-03  0.190%
    4  12  3 1.900000e+00 7.124000e-02 4.47006844e-02 8.23919897e-01 0  4  5.92535599e+00 2.40247795e+00 7.49375627e-01 6.09013511e-02  0.092%
    4  13  3 1.800000e+00 7.276000e-02 4.61292662e-02 8.28649999e-01 0  4  3.66919166e+00 1.46715925e+00 4.73340031e-01 3.85373562e-02  0.073%
    4  14  3 1.100000e+00 1.149000e-01 4.77203905e-02 8.33643152e-01 0  8  3.51610319e-01 2.48119802e-01 2.59277131e-02 3.31789860e-03 3.61352539e-03 5.26856752e-04 -3.37194250e-04 -1.95610822e-04  0.039%
    4  15  3 1.100000e+00 1.167000e-01 4.70189515e-02 8.31476231e-01 0  6  5.97023823e-01 3.80785509e-01 4.84300757e-02 9.86698345e-03 5.85005035e-03 9.91837434e-04  0.166%
    4  16  3 1.100000e+00 1.189000e-01 4.61891466e-02 8.28843023e-01 0  6  2.55390870e-01 1.52505766e-01 1.37029081e-02 2.67364256e-03 1.94797848e-03 3.40462507e-04  0.116%
    5   6  3 1.670000e+01 8.160000e-03 4.44135581e-02 8.22939287e-01 0  8  6.85253467e-01 5.64879392e-01 2.83728948e-02 1.68805229e-02 -5.21257880e-03 -8.58863216e-04 4.40178661e-04 3.07628432e-04  0.058%
    5   7  3 1.030000e+01 1.324000e-02 4.43824356e-02 8.22832375e-01 0  6  1.80019152e+00 1.46310675e+00 1.46917169e-01 5.43422507e-02 -4.61079999e-03 -8.60898141e-04  0.063%
    5   8  3 8.000000e+00 1.696000e-02 4.45987011e-02 8.23572776e-01 0  6  3.26529470e+00 2.97020777e+00 4.86740254e-01 1.47925204e-01 1.59212803e-02 2.94931337e-03  0.147%
    5   9  3 6.900000e+00 1.951000e-02 4.49344112e-02 8.24710579e-01 0  6  2.59575682e+00 2.18397022e+00 3.04986965e-01 1.12899573e-01 7.47672634e-03 1.36812516e-03  0.075%
    5  10  3 2.100000e+00 6.359000e-02 4.52813638e-02 8.25871989e-01 0  6  2.16518736e-01 2.08312489e-01 5.05463054e-02 -3.22042369e-03 8.35525869e-04 1.50961529e-04  0.085%
    5  11  3 2.000000e+00 6.757000e-02 4.47689328e-02 8.24151473e-01 0  6  4.03259910e-01 3.24539501e-01 7.43140099e-02 -1.80357999e-02 2.37485003e-03 4.37196997e-04  0.083%
    5  12  2 1.900000e+00 7.020000e-02 4.53328959e-02 8.26043251e-01 0  8  5.19544304e-01 -2.59871378e-01 1.52972497e-02 -3.39764265e-02 7.63779978e-03 1.21643432e-03 -6.65385811e-04 -4.40499706e-04  0.199%
    5  13  2 1.900000e+00 7.172000e-02 4.44148039e-02 8.22943564e-01 0  5  1.50008195e+00 -9.48681769e-01 1.05512497e-01 -4.37027855e-02 1.49705362e-03  0.032%
    5  14  3 1.100000e+00 1.139000e-01 4.81191976e-02 8.34851884e-01 0  8  1.11578381e-01 8.45105225e-02 7.01661155e-03 4.60197895e-05 1.19799503e-03 1.72103070e-04 -1.12917116e-04 -6.41376346e-05  0.040%
    5  15  3 1.000000e+00 1.157000e-01 5.19006399e-02 8.45540220e-01 0  8  3.95608534e-01 2.56394607e-01 4.11817741e-02 8.42260110e-03 4.44829409e-03 5.54565022e-04 -4.53887917e-04 -2.13058656e-04  0.046%
    5  16  3 1.100000e+00 1.178000e-01 4.66003553e-02 8.30157539e-01 0  6  8.84364183e-02 4.88009528e-02 1.08776819e-03 -1.75020069e-06 3.70109079e-04 6.37198615e-05  0.064%
    6   7  2 2.000000e+01 5.080000e-03 5.86807238e-02 8.61761619e-01 0  8  1.09581891e+01 4.45540388e+00 3.14502492e+00 2.09843469e+00 -2.60081181e-01 -2.48227917e-02 2.91274198e-02 9.90350854e-03  0.146%
    6   8  2 1.300000e+01 8.800000e-03 5.24594803e-02 8.47010209e-01 0  8  3.32139067e+00 1.75781435e+00 1.23106725e+00 6.13013980e-01 -7.70777818e-02 -9.40705603e-03 7.94141584e-03 3.62797398e-03  0.147%
    6   9  2 1.100000e+01 1.135000e-02 4.82805931e-02 8.35336359e-01 0  8  1.31552389e+00 1.10666766e+00 6.71579694e-01 3.28834124e-01 -1.27823321e-02 -1.82532359e-03 1.20957447e-03 6.81251649e-04  0.070%
    6  10  3 2.400000e+00 5.543000e-02 4.54460934e-02 8.26418336e-01 0  8  9.24266194e+00 8.77442645e+00 3.27801391e+00 6.56415131e-01 2.16596678e-01 3.43523146e-02 -1.89380884e-02 -1.24558796e-02  0.104%
    6  11  2 2.200000e+00 5.941000e-02 4.62188078e-02 8.28938484e-01 0  7  7.80600206e-01 -1.00059295e-01 2.54715087e-02 -7.30594315e-02 1.38780062e-02 2.53539735e-03 -1.24258041e-03  0.166%
    6  12  2 2.100000e+00 6.204000e-02 4.63602205e-02 8.29392223e-01 0  8  1.64148352e-01 -1.82165725e-03 -5.33573256e-03 -2.37317314e-02 3.57497889e-03 5.48158291e-04 -3.21421074e-04 -2.00760342e-04  0.174%
    6  13  2 1.900000e+00 6.356000e-02 4.98327425e-02 8.39862371e-01 0  6  2.74122073e-02 1.24921803e-02 -2.66150278e-03 -5.17511103e-03 8.99948479e-05 1.37538996e-05  0.068%
    6  14  2 6.000000e-01 1.057000e-01 9.07999161e-02 9.08981616e-01 0  7  1.21149917e+00 1.18532284e-01 -5.20882280e-02 1.56659985e-02 -3.03246221e-02 -9.44379793e-06 3.83168546e-03  0.185%
    6  15  2 1.000000e+00 1.075000e-01 5.56393002e-02 8.54898814e-01 0  8  4.11789691e-01 1.20455732e-01 -4.08954390e-02 -4.94546676e-03 -7.61953289e-03 -8.22111171e-04 8.23339088e-04 3.23188539e-04  0.118%
    6  16  2 1.000000e+00 1.097000e-01 5.45843778e-02 8.52367698e-01 0  8  1.42271156e-01 4.15670681e-02 -1.16408646e-02 -1.64840284e-03 -1.81523836e-03 -2.04126467e-04 1.93326099e-04 7.97752429e-05  0.080%
    7   8  2 2.600000e+01 3.720000e-03 6.14594901e-02 8.67521787e-01 0  8  1.10948254e+01 6.55685401e+00 4.11965875e+00 2.36039214e+00 -1.65857447e-01 -1.40728318e-02 1.90701204e-02 5.67707801e-03  0.104%
    7   9  2 1.700000e+01 6.270000e-03 5.60876719e-02 8.55950177e-01 0  8  3.13779102e+00 1.58731893e+00 1.17749551e+00 5.39396329e-01 -7.82839249e-02 -8.29789282e-03 8.50836433e-03 3.26982606e-03  0.167%
    7  10  2 2.200000e+00 5.035000e-02 5.40856291e-02 8.51142064e-01 0  5  9.66681410e-01 -1.28868608e-01 4.73040173e-02 -7.79054755e-02 6.58129690e-03  0.196%
    7  11  2 2.200000e+00 5.433000e-02 5.03229151e-02 8.41243385e-01 0  7  9.04044831e-01 -1.41057208e-01 3.68522540e-02 -6.47864497e-02 7.70953799e-03 1.21635052e-03 -7.63429078e-04  0.078%
    7  12  2 2.000000e+00 5.696000e-02 5.26688757e-02 8.47554267e-01 0  5  5.98634819e-01 -6.77307481e-02 2.99024061e-02 -3.67115669e-02 3.81584224e-03  0.194%
    7  13  2 2.000000e+00 5.848000e-02 5.13702409e-02 8.44120323e-01 0  7  1.59877711e-01 -2.96796016e-02 4.58584112e-03 -2.08292739e-02 2.75592190e-03 4.18524140e-04 -2.78508428e-04  0.146%
    7  14  2 7.000000e-01 1.006000e-01 8.25188814e-02 8.99940651e-01 0  8  6.77670694e-01 1.29697569e-01 -3.39166208e-02 1.06037505e-04 -1.82032588e-02 -3.75623245e-04 2.28773686e-03 1.57514783e-04  0.197%
    7  15  2 5.000000e-01 1.025000e-01 1.09990007e-01 9.25140114e-01 0  7  5.39217442e-01 4.30411906e-02 -2.43301499e-02 8.38370428e-03 -1.13105165e-02 5.67753911e-04 1.39823041e-03  0.172%
    7  16  2 8.000000e-01 1.046000e-01 7.03629396e-02 8.83298379e-01 0  8  1.93415668e-01 5.54185869e-02 -1.92721272e-02 -4.19670499e-03 -5.81647048e-03 -3.19005728e-04 7.07157057e-04 1.31823204e-04  0.197%
    8   9  2 4.000000e+01 2.550000e-03 5.84640571e-02 8.61292864e-01 0  7  8.95440454e+00 5.74946649e+00 3.69148229e+00 1.97990423e+00 -7.40875640e-02 -8.57518288e-03 8.27837316e-03  0.164%
    8  10  2 2.400000e+00 4.663000e-02 5.35632775e-02 8.49837841e-01 0  7  3.27732642e-01 -4.17736575e-02 1.54234206e-02 -3.82146339e-02 3.31745629e-03 4.64481766e-04 -3.47978968e-04  0.088%
    8  11  2 2.300000e+00 5.061000e-02 5.16033680e-02 8.44747419e-01 0  7  7.37842228e-01 -8.64989973e-02 3.71958130e-02 -4.49463502e-02 5.17455477e-03 7.79137667e-04 -5.25177487e-04  0.065%
    8  12  2 2.300000e+00 5.324000e-02 4.91795821e-02 8.37986662e-01 0  7  5.25581531e-01 -1.00332470e-01 1.55301931e-02 -4.64312909e-02 6.65424002e-03 1.09409267e-03 -6.43046132e-04  0.112%
    8  13  2 2.200000e+00 5.476000e-02 4.99474942e-02 8.40187694e-01 0  7  3.89066049e-01 -4.87413917e-02 1.55866389e-02 -2.25751071e-02 2.69308331e-03 4.30709614e-04 -2.64622431e-04  0.066%
    8  14  2 7.000000e-01 9.693000e-02 8.53764953e-02 9.03237718e-01 0  8  3.73225410e-01 1.03433298e-01 -1.60454317e-02 -1.91019667e-03 -8.51019914e-03 -1.13922155e-04 1.07288178e-03 4.78391528e-05  0.193%
    8  15  2 7.000000e-01 9.874000e-02 8.39428347e-02 9.01608631e-01 0  8  4.34911754e-01 3.93257459e-02 -2.71641893e-02 3.83203083e-03 -1.15559153e-02 -1.96357609e-04 1.45483924e-03 8.24050321e-05  0.180%
    8  16  2 6.000000e-01 1.009000e-01 9.47103332e-02 9.12754290e-01 0  9  2.51013187e-01 2.61023678e-02 -1.56405852e-02 1.35956946e-03 -7.68815869e-03 6.65532343e-05 8.22934128e-04 -2.79637679e-05 -2.70877138e-04  0.081%
    9  10  2 3.000000e+00 4.408000e-02 4.57058348e-02 8.27273249e-01 0  8  7.61151953e-02 1.18139089e-02 -4.68480185e-03 -1.22377521e-02 1.58997759e-03 2.49762653e-04 -1.40162278e-04 -9.08270381e-05  0.143%
    9  11  2 2.000000e+00 4.806000e-02 6.18194158e-02 8.68235325e-01 0  5  3.45210217e-01 -5.40636201e-02 1.90654042e-02 -3.04758830e-02 -8.19821660e-04  0.059%
    9  12  2 2.000000e+00 5.069000e-02 5.88005764e-02 8.62019652e-01 0  4  5.56858613e-01 -7.09754850e-02 3.04143534e-02 -2.76011314e-02  0.045%
    9  13  2 2.000000e+00 5.221000e-02 5.71865998e-02 8.58467737e-01 0  4  3.46381004e-01 -5.82214294e-02 1.52401911e-02 -1.96838358e-02  0.102%
    9  14  3 1.500000e+00 9.438000e-02 4.28226367e-02 8.17313077e-01 0  8  6.75654234e-01 7.02697969e-01 2.16527118e-01 5.61005987e-02 7.11862960e-03 1.24403163e-03 -5.65163984e-04 -4.36322066e-04  0.098%
    9  15  2 7.000000e-01 9.619000e-02 8.59768353e-02 9.03905451e-01 0  8  2.74413946e-01 5.94739081e-02 -1.43876725e-02 2.16006691e-03 -6.09565200e-03 -7.25051140e-05 7.68845896e-04 3.04534604e-05  0.180%
    9  16  2 6.000000e-01 9.830000e-02 9.69724664e-02 9.14810927e-01 0  7  2.39729186e-01 -3.27829382e-03 -1.50144598e-02 4.88321970e-03 -6.21849541e-03 1.04480975e-04 7.83840144e-04  0.195%
   10  11  2 3.400000e+01 3.980000e-03 4.47120447e-02 8.23958484e-01 0  8  6.29224318e+00 6.11484836e+00 3.96381244e+00 1.11185487e+00 1.46576544e-01 2.38861403e-02 -1.25076525e-02 -8.58679517e-03  0.166%
   10  12  2 2.000000e+01 6.610000e-03 4.57190318e-02 8.27316473e-01 0  8  1.95009013e+00 1.73268976e+00 1.07596645e+00 2.93034178e-01 4.34639466e-02 6.82423359e-03 -3.83307663e-03 -2.48202029e-03  0.141%
   10  13  2 1.600000e+01 8.130000e-03 4.64295499e-02 8.29613845e-01 0  8  8.11910880e-01 6.68149606e-01 4.36619270e-01 1.26153108e-01 1.34913843e-02 2.06336318e-03 -1.21543706e-03 -7.56249631e-04  0.107%
   10  14  3 3.400000e+00 5.030000e-02 3.57118339e-02 7.87389656e-01 0  6  5.45392244e+00 5.94681735e+00 1.47154078e+00 1.58698123e-01 9.17388374e-02 2.36320492e-02  0.163%
   10  15  2 2.600000e+00 5.211000e-02 4.46597092e-02 8.23780585e-01 0  8  4.79474861e-01 7.08720761e-02 -4.38660249e-02 -2.48766938e-02 7.22193058e-03 1.17916500e-03 -6.15148156e-04 -4.23628316e-04  0.094%
   10  16  2 2.200000e+00 5.422000e-02 5.04198612e-02 8.41513872e-01 0  8  7.03535815e-02 6.23324409e-03 -1.47614182e-02 -6.26912422e-03 1.19106237e-03 1.57025805e-04 -1.18175062e-04 -5.96722013e-05  0.150%
   11  12  2 5.180000e+01 2.630000e-03 4.44253961e-02 8.22979921e-01 0  6  5.91961452e+00 6.24613728e+00 3.98414144e+00 1.06171072e+00 4.75284733e-02 8.86028071e-03  0.198%
   11  13  2 2.400000e+01 4.150000e-03 5.97886010e-02 8.64113068e-01 0 10  1.03059491e+00 1.01871450e+00 6.42654124e-01 1.78940386e-01 3.00362669e-02 2.88453586e-03 -2.96011743e-03 -8.51885071e-04 8.17719523e-04 4.79282373e-04  0.120%
   11  14  2 1.400000e+00 4.632000e-02 8.89783465e-02 9.07122541e-01 0  9  5.99593634e-01 1.12142095e-01 -9.21588088e-03 -3.50751415e-02 -1.88460460e-02 -8.52034366e-05 2.01834849e-03 3.58113931e-05 -6.65060142e-04  0.096%
   11  15  3 1.600000e+00 4.813000e-02 7.59959176e-02 8.91594569e-01 0  9  1.24711630e+00 1.36334305e+00 4.61924805e-01 5.79289754e-02 -1.51525604e-02 -5.71687958e-04 1.60036983e-03 2.38329597e-04 -5.12972214e-04  0.188%
   11  16  2 1.400000e+00 5.024000e-02 8.26092899e-02 9.00048076e-01 0  7  2.96901127e-01 5.32664636e-02 -2.38584514e-03 -1.23265773e-02 -5.54475304e-03 -1.37156237e-04 6.96934222e-04  0.163%
   12  13  2 8.000000e+01 1.520000e-03 4.95071035e-02 8.38932357e-01 0  8  3.61649770e+00 3.91399919e+00 2.58501015e+00 7.45749370e-01 6.58804590e-02 8.98755718e-03 -6.41276300e-03 -3.39040731e-03  0.177%
   12  14  2 3.100000e+00 4.369000e-02 4.46745146e-02 8.23830946e-01 0  8  2.58436316e-01 3.69356136e-02 -2.97079400e-02 -1.60161841e-02 4.65264167e-03 7.59247391e-04 -3.96504852e-04 -2.72817073e-04  0.117%
   12  15  2 1.500000e+00 4.550000e-02 8.49197567e-02 9.02724056e-01 0  9  3.22964338e-01 5.95987658e-02 -1.11948180e-02 -2.09290034e-02 -1.08320732e-02 -1.55273523e-04 1.15796459e-03 6.51920023e-05 -3.80192904e-04  0.116%
   12  16  2 1.400000e+00 4.761000e-02 8.67766733e-02 9.04782219e-01 0  9  2.06687505e-01 3.90661181e-02 -6.66146840e-03 -1.33386263e-02 -7.78625330e-03 -7.62242109e-05 8.33262446e-04 3.20233451e-05 -2.74165919e-04  0.125%
   13  14  2 3.000000e+00 4.217000e-02 4.76772838e-02 8.33511502e-01 0  8  7.45118544e-02 6.78669323e-03 -1.10566517e-02 -5.98191313e-03 1.52586735e-03 2.22829408e-04 -1.42228067e-04 -8.26978704e-05  0.159%
   13  15  2 1.500000e+00 4.398000e-02 8.75975899e-02 9.05667165e-01 0  7  2.34059539e-01 4.48892136e-02 -1.15416482e-04 -9.91158762e-03 -5.69852979e-03 -5.47165383e-05 7.19472453e-04  0.193%
   13  16  3 1.300000e+00 4.609000e-02 9.56009593e-02 9.13574516e-01 0  7  3.61900200e-01 4.05619958e-01 1.58434096e-01 3.03282330e-02 -2.79179187e-03 3.65213544e-05 3.52241141e-04  0.183%
   14  15  2 4.000000e+01 1.810000e-03 8.04436894e-02 8.97415888e-01 0  7  1.22597262e+00 -3.06095789e-01 -5.77194081e-02 4.60166460e-03 -1.53214263e-02 -4.84019488e-04 1.91937468e-03  0.080%
   14  16  2 1.500000e+01 3.920000e-03 9.72404547e-02 9.15048828e-01 0  7  4.73145195e-01 -8.02956155e-02 -1.88679274e-02 -8.70420299e-04 -4.74965138e-03 8.32300359e-05 5.98565116e-04  0.090%
   15  16  2 3.000000e+01 2.110000e-03 9.09563921e-02 9.09138188e-01 0  9  5.93725542e-01 -1.89615167e-01 -4.66861002e-02 2.42724453e-03 -1.23949217e-02 1.35921947e-06 1.32772174e-03 -5.71353988e-07 -4.37666342e-04  0.085%
