# Storey & Hummer (1995, MNRAS 272, 41) He II (Z=2) case-B line emissivities 4 pi j / (n_e n_HeIII) [erg cm^3 s^-1]
# source file: Storey_Hummer/data/e2b.d.gz (original CDS table), parsed by tools/fitting/make_sh95_lines.py (2026-07-12)
# grid: NT temperatures [K], ND densities [cm^-3]; then one block for each line: label nu nl lambda[A], NT x ND values (T rows, n_e columns)
GRID 12 13
T 5.0000e+02 1.0000e+03 3.0000e+03 5.0000e+03 7.5000e+03 1.0000e+04 1.2500e+04 1.5000e+04 2.0000e+04 3.0000e+04 5.0000e+04 1.0000e+05
NE 1.0000e+02 1.0000e+03 1.0000e+04 1.0000e+05 1.0000e+06 1.0000e+07 1.0000e+08 1.0000e+09 1.0000e+10 1.0000e+11 1.0000e+12 1.0000e+13 1.0000e+14
LINE HeII1640 3 2 1640.4
1.0170e-22 1.0460e-22 1.1030e-22 1.2150e-22 1.4480e-22 1.9630e-22 3.2710e-22 7.3730e-22 2.5170e-21 1.4060e-20 1.1690e-19 1.1550e-18 1.2520e-17
6.0760e-23 6.1430e-23 6.2780e-23 6.5500e-23 7.1040e-23 8.2620e-23 1.0840e-22 1.7270e-22 3.6930e-22 1.2040e-21 6.4680e-21 5.2840e-20 5.5370e-19
2.6240e-23 2.6270e-23 2.6360e-23 2.6570e-23 2.7040e-23 2.8100e-23 3.0440e-23 3.5630e-23 4.7880e-23 8.1300e-23 1.9420e-22 7.1870e-22 4.5090e-21
1.7450e-23 1.7450e-23 1.7460e-23 1.7510e-23 1.7620e-23 1.7930e-23 1.8650e-23 2.0320e-23 2.4200e-23 3.3990e-23 6.1680e-23 1.5830e-22 6.5730e-22
1.2510e-23 1.2500e-23 1.2500e-23 1.2500e-23 1.2530e-23 1.2620e-23 1.2880e-23 1.3540e-23 1.5110e-23 1.9050e-23 2.9270e-23 5.9210e-23 1.8010e-22
9.8150e-24 9.8100e-24 9.8040e-24 9.7990e-24 9.8020e-24 9.8360e-24 9.9540e-24 1.0280e-23 1.1100e-23 1.3210e-23 1.8480e-23 3.2510e-23 8.1370e-23
8.1050e-24 8.1010e-24 8.0950e-24 8.0880e-24 8.0840e-24 8.0950e-24 8.1540e-24 8.3380e-24 8.8320e-24 1.0130e-23 1.3340e-23 2.1400e-23 4.6840e-23
6.9150e-24 6.9120e-24 6.9060e-24 6.9000e-24 6.8930e-24 6.8950e-24 6.9250e-24 7.0380e-24 7.3600e-24 8.2390e-24 1.0400e-23 1.5610e-23 3.0950e-23
5.3600e-24 5.3570e-24 5.3530e-24 5.3470e-24 5.3400e-24 5.3360e-24 5.3440e-24 5.3920e-24 5.5530e-24 6.0280e-24 7.2050e-24 9.8770e-24 1.7070e-23
3.7070e-24 3.7050e-24 3.7030e-24 3.6990e-24 3.6940e-24 3.6890e-24 3.6870e-24 3.6980e-24 3.7550e-24 3.9550e-24 4.4630e-24 5.5380e-24 8.1590e-24
2.2910e-24 2.2900e-24 2.2890e-24 2.2880e-24 2.2860e-24 2.2820e-24 2.2790e-24 2.2790e-24 2.2930e-24 2.3600e-24 2.5400e-24 2.8830e-24 3.6370e-24
1.1570e-24 1.1560e-24 1.1560e-24 1.1560e-24 1.1550e-24 1.1550e-24 1.1540e-24 1.1530e-24 1.1540e-24 1.1700e-24 1.2160e-24 1.2810e-24 1.3940e-24
LINE HeII4686 4 3 4687.0
2.2520e-23 2.2710e-23 2.3180e-23 2.4370e-23 2.7210e-23 3.3930e-23 5.1090e-23 1.0300e-22 3.1540e-22 1.6520e-21 1.3880e-20 1.5290e-19 2.0400e-18
1.2740e-23 1.2680e-23 1.2640e-23 1.2690e-23 1.3030e-23 1.4070e-23 1.6820e-23 2.4080e-23 4.6200e-23 1.4060e-22 7.5910e-22 6.8000e-21 8.9300e-20
4.8720e-24 4.8330e-24 4.7750e-24 4.6950e-24 4.6020e-24 4.5280e-24 4.5590e-24 4.8790e-24 5.9420e-24 9.4180e-24 2.2500e-23 8.9680e-23 7.0830e-22
3.0160e-24 2.9950e-24 2.9620e-24 2.9120e-24 2.8440e-24 2.7650e-24 2.7050e-24 2.7240e-24 2.9670e-24 3.9030e-24 7.0840e-24 1.9500e-23 1.0180e-22
2.0280e-24 2.0160e-24 1.9960e-24 1.9650e-24 1.9210e-24 1.8640e-24 1.8050e-24 1.7710e-24 1.8240e-24 2.1630e-24 3.3270e-24 7.2000e-24 2.7450e-23
1.5160e-24 1.5080e-24 1.4950e-24 1.4750e-24 1.4440e-24 1.4020e-24 1.3550e-24 1.3160e-24 1.3200e-24 1.4830e-24 2.0800e-24 3.9060e-24 1.2190e-23
1.2030e-24 1.1980e-24 1.1890e-24 1.1740e-24 1.1510e-24 1.1200e-24 1.0820e-24 1.0470e-24 1.0360e-24 1.1270e-24 1.4890e-24 2.5430e-24 6.8950e-24
9.9320e-25 9.8910e-25 9.8220e-25 9.7100e-25 9.5370e-25 9.2930e-25 8.9880e-25 8.6800e-25 8.5190e-25 9.0750e-25 1.1510e-24 1.8350e-24 4.4770e-24
7.2920e-25 7.2660e-25 7.2240e-25 7.1540e-25 7.0440e-25 6.8850e-25 6.6770e-25 6.4490e-25 6.2800e-25 6.5250e-25 7.8560e-25 1.1400e-24 2.3880e-24
4.6610e-25 4.6490e-25 4.6280e-25 4.5940e-25 4.5390e-25 4.4570e-25 4.3460e-25 4.2120e-25 4.0880e-25 4.1590e-25 4.7500e-25 6.1950e-25 1.0770e-24
2.6040e-25 2.6000e-25 2.5920e-25 2.5790e-25 2.5590e-25 2.5270e-25 2.4820e-25 2.4240e-25 2.3610e-25 2.3760e-25 2.6090e-25 3.0850e-25 4.4090e-25
1.1500e-25 1.1490e-25 1.1480e-25 1.1450e-25 1.1410e-25 1.1340e-25 1.1240e-25 1.1110e-25 1.0920e-25 1.1000e-25 1.1840e-25 1.2860e-25 1.4980e-25
LINE HeII3204 5 3 3204.0
5.7240e-24 6.0430e-24 6.5880e-24 7.5340e-24 9.2710e-24 1.2810e-23 2.1320e-23 4.7590e-23 1.6440e-22 9.6700e-22 8.9980e-21 1.2220e-19 1.3510e-18
3.5770e-24 3.6760e-24 3.8400e-24 4.1100e-24 4.5650e-24 5.3830e-24 7.0490e-24 1.1100e-23 2.3960e-23 8.1980e-23 4.8640e-22 5.3460e-21 6.5490e-20
1.6340e-24 1.6460e-24 1.6660e-24 1.6970e-24 1.7440e-24 1.8200e-24 1.9590e-24 2.2610e-24 3.0490e-24 5.4200e-24 1.4150e-23 6.8530e-23 5.7730e-22
1.0990e-24 1.1030e-24 1.1090e-24 1.1180e-24 1.1320e-24 1.1520e-24 1.1890e-24 1.2750e-24 1.5180e-24 2.2260e-24 4.3980e-24 1.4650e-23 8.3340e-23
7.8700e-25 7.8840e-25 7.9050e-25 7.9340e-25 7.9690e-25 8.0170e-25 8.1100e-25 8.3840e-25 9.3300e-25 1.2230e-24 2.0360e-24 5.2960e-24 2.1910e-23
6.1390e-25 6.1460e-25 6.1540e-25 6.1640e-25 6.1720e-25 6.1770e-25 6.1930e-25 6.2910e-25 6.7620e-25 8.3390e-25 1.2570e-24 2.8140e-24 9.4270e-24
5.0300e-25 5.0330e-25 5.0360e-25 5.0380e-25 5.0370e-25 5.0280e-25 5.0180e-25 5.0480e-25 5.3130e-25 6.3040e-25 8.9050e-25 1.7960e-24 5.1710e-24
4.2550e-25 4.2560e-25 4.2570e-25 4.2570e-25 4.2510e-25 4.2380e-25 4.2180e-25 4.2180e-25 4.3800e-25 5.0600e-25 6.8220e-25 1.2730e-24 3.2670e-24
3.2410e-25 3.2410e-25 3.2400e-25 3.2380e-25 3.2310e-25 3.2170e-25 3.1930e-25 3.1740e-25 3.2420e-25 3.6200e-25 4.5820e-25 7.6530e-25 1.6660e-24
2.1710e-25 2.1710e-25 2.1700e-25 2.1680e-25 2.1620e-25 2.1520e-25 2.1340e-25 2.1120e-25 2.1260e-25 2.2940e-25 2.7080e-25 3.9580e-25 7.0650e-25
1.2760e-25 1.2760e-25 1.2760e-25 1.2740e-25 1.2720e-25 1.2660e-25 1.2570e-25 1.2440e-25 1.2410e-25 1.3050e-25 1.4470e-25 1.8460e-25 2.6920e-25
5.9510e-26 5.9500e-26 5.9480e-26 5.9450e-26 5.9380e-26 5.9250e-26 5.9010e-26 5.8560e-26 5.8340e-26 6.0460e-26 6.3540e-26 7.0650e-26 8.3630e-26
LINE HeII10126 5 4 10126.4
7.7740e-24 7.7130e-24 7.6840e-24 7.8000e-24 8.3160e-24 9.8020e-24 1.3850e-23 2.6160e-23 7.5770e-23 3.9780e-22 3.5770e-21 4.8130e-20 5.2650e-19
4.2410e-24 4.1700e-24 4.0760e-24 3.9770e-24 3.9250e-24 4.0320e-24 4.5470e-24 6.1090e-24 1.1070e-23 3.3570e-23 1.9200e-22 2.0920e-21 2.5510e-20
1.5000e-24 1.4770e-24 1.4410e-24 1.3900e-24 1.3250e-24 1.2560e-24 1.2080e-24 1.2250e-24 1.4130e-24 2.2190e-24 5.5630e-24 2.6710e-23 2.2440e-22
8.8830e-25 8.7690e-25 8.5860e-25 8.3120e-25 7.9370e-25 7.4830e-25 7.0360e-25 6.7580e-25 7.0000e-25 9.1090e-25 1.7280e-24 5.7040e-24 3.2380e-23
5.7470e-25 5.6850e-25 5.5850e-25 5.4300e-25 5.2090e-25 4.9240e-25 4.6090e-25 4.3360e-25 4.2640e-25 4.9970e-25 7.9970e-25 2.0620e-24 8.5100e-24
4.1750e-25 4.1370e-25 4.0730e-25 3.9730e-25 3.8270e-25 3.6320e-25 3.4050e-25 3.1840e-25 3.0610e-25 3.3980e-25 4.9360e-25 1.0950e-24 3.6610e-24
3.2400e-25 3.2130e-25 3.1690e-25 3.0990e-25 2.9950e-25 2.8540e-25 2.6830e-25 2.5060e-25 2.3830e-25 2.5620e-25 3.4940e-25 6.9880e-25 2.0080e-24
2.6240e-25 2.6040e-25 2.5720e-25 2.5200e-25 2.4430e-25 2.3360e-25 2.2030e-25 2.0600e-25 1.9470e-25 2.0520e-25 2.6750e-25 4.9520e-25 1.2690e-24
1.8690e-25 1.8570e-25 1.8370e-25 1.8060e-25 1.7580e-25 1.6910e-25 1.6050e-25 1.5060e-25 1.4190e-25 1.4600e-25 1.7950e-25 2.9770e-25 6.4700e-25
1.1440e-25 1.1380e-25 1.1290e-25 1.1140e-25 1.0910e-25 1.0580e-25 1.0140e-25 9.6030e-26 9.0700e-26 9.1680e-26 1.0590e-25 1.5390e-25 2.7430e-25
6.0500e-26 6.0310e-26 5.9980e-26 5.9450e-26 5.8610e-26 5.7370e-26 5.5660e-26 5.3450e-26 5.1040e-26 5.1370e-26 5.6370e-26 7.1730e-26 1.0450e-25
2.4850e-26 2.4810e-26 2.4750e-26 2.4640e-26 2.4470e-26 2.4210e-26 2.3840e-26 2.3330e-26 2.2710e-26 2.3160e-26 2.4610e-26 2.7420e-26 3.2460e-26
LINE HeII5413 7 4 5413.0
1.1420e-24 1.2090e-24 1.3230e-24 1.5140e-24 1.8520e-24 2.5270e-24 4.1660e-24 9.3290e-24 3.3860e-23 2.2420e-22 2.8680e-21 3.5090e-20 9.4390e-20
7.1320e-25 7.3410e-25 7.6800e-25 8.2140e-25 9.0700e-25 1.0560e-24 1.3680e-24 2.1570e-24 4.8820e-24 1.8630e-23 1.5080e-22 1.7120e-21 5.2820e-21
3.2100e-25 3.2350e-25 3.2720e-25 3.3250e-25 3.3980e-25 3.5060e-25 3.7240e-25 4.2790e-25 6.0180e-25 1.1830e-24 4.1750e-24 2.2830e-23 5.4820e-23
2.1260e-25 2.1330e-25 2.1430e-25 2.1560e-25 2.1690e-25 2.1840e-25 2.2230e-25 2.3660e-25 2.9220e-25 4.7010e-25 1.2400e-24 4.5970e-24 8.6220e-24
1.4960e-25 1.4990e-25 1.5010e-25 1.5030e-25 1.5020e-25 1.4960e-25 1.4930e-25 1.5270e-25 1.7540e-25 2.4980e-25 5.4400e-25 1.5420e-24 2.4530e-24
1.1500e-25 1.1510e-25 1.1520e-25 1.1510e-25 1.1470e-25 1.1380e-25 1.1250e-25 1.1290e-25 1.2470e-25 1.6570e-25 3.2050e-25 7.7150e-25 1.1210e-24
9.3050e-26 9.3060e-26 9.3040e-26 9.2890e-26 9.2450e-26 9.1520e-26 9.0130e-26 8.9480e-26 9.6520e-26 1.2250e-25 2.1800e-25 4.6940e-25 6.4420e-25
7.7830e-26 7.7820e-26 7.7770e-26 7.7610e-26 7.7190e-26 7.6350e-26 7.5020e-26 7.3990e-26 7.8560e-26 9.6490e-26 1.6130e-25 3.1980e-25 4.2210e-25
5.8160e-26 5.8140e-26 5.8080e-26 5.7930e-26 5.7600e-26 5.6950e-26 5.5860e-26 5.4730e-26 5.6980e-26 6.6980e-26 1.0240e-25 1.8090e-25 2.2680e-25
3.7840e-26 3.7820e-26 3.7780e-26 3.7680e-26 3.7480e-26 3.7090e-26 3.6390e-26 3.5510e-26 3.6320e-26 4.0690e-26 5.5850e-26 8.5930e-26 1.0190e-25
2.1390e-26 2.1380e-26 2.1360e-26 2.1310e-26 2.1220e-26 2.1050e-26 2.0720e-26 2.0240e-26 2.0510e-26 2.2020e-26 2.7050e-26 3.6130e-26 4.0580e-26
9.4400e-27 9.4380e-27 9.4330e-27 9.4220e-27 9.4020e-27 9.3600e-27 9.2670e-27 9.1120e-27 9.2510e-27 9.6060e-27 1.0540e-26 1.2100e-26 1.2830e-26
LINE HeII4543 9 4 4542.9
4.2050e-25 4.4840e-25 4.9700e-25 5.8210e-25 7.3990e-25 1.0830e-24 2.0210e-24 5.2900e-24 2.2270e-23 1.9340e-22 2.6660e-21 1.0710e-20 1.3510e-20
2.6930e-25 2.7870e-25 2.9460e-25 3.2090e-25 3.6550e-25 4.5190e-25 6.5480e-25 1.2060e-24 3.1650e-24 1.5740e-23 1.4800e-22 5.6710e-22 7.6360e-22
1.2790e-25 1.2930e-25 1.3150e-25 1.3520e-25 1.4080e-25 1.5100e-25 1.7410e-25 2.2950e-25 3.7220e-25 9.4410e-25 3.8560e-24 8.4290e-24 1.0580e-23
8.7130e-26 8.7620e-26 8.8430e-26 8.9680e-26 9.1570e-26 9.4920e-26 1.0300e-25 1.2380e-25 1.7460e-25 3.5540e-25 1.0510e-24 1.8180e-24 2.1190e-24
6.2740e-26 6.2940e-26 6.3260e-26 6.3740e-26 6.4430e-26 6.5620e-26 6.8830e-26 7.8330e-26 1.0150e-25 1.7890e-25 4.2800e-25 6.4870e-25 7.2390e-25
4.9000e-26 4.9100e-26 4.9250e-26 4.9470e-26 4.9760e-26 5.0250e-26 5.1760e-26 5.7140e-26 7.0560e-26 1.1370e-25 2.3930e-25 3.3810e-25 3.6910e-25
4.0110e-26 4.0160e-26 4.0240e-26 4.0350e-26 4.0480e-26 4.0670e-26 4.1440e-26 4.4850e-26 5.3640e-26 8.1300e-26 1.5660e-25 2.1150e-25 2.2790e-25
3.3860e-26 3.3890e-26 3.3940e-26 3.4000e-26 3.4050e-26 3.4110e-26 3.4490e-26 3.6820e-26 4.3040e-26 6.2290e-26 1.1230e-25 1.4700e-25 1.5700e-25
2.5660e-26 2.5670e-26 2.5690e-26 2.5700e-26 2.5690e-26 2.5650e-26 2.5710e-26 2.6960e-26 3.0540e-26 4.1410e-26 6.7930e-26 8.5200e-26 9.0000e-26
1.7000e-26 1.7000e-26 1.7000e-26 1.6990e-26 1.6970e-26 1.6890e-26 1.6810e-26 1.7310e-26 1.8930e-26 2.3730e-26 3.4690e-26 4.1410e-26 4.3220e-26
9.7950e-27 9.7940e-27 9.7920e-27 9.7840e-27 9.7650e-27 9.7160e-27 9.6250e-27 9.7870e-27 1.0370e-26 1.2000e-26 1.5540e-26 1.7620e-26 1.8170e-26
4.4130e-27 4.4130e-27 4.4120e-27 4.4090e-27 4.4040e-27 4.3860e-27 4.3430e-27 4.3960e-27 4.5380e-27 4.8450e-27 5.4900e-27 5.8640e-27 5.9630e-27
