# Storey & Hummer (1995, MNRAS 272, 41) H I case-B line emissivities 4 pi j / (n_e n_p) [erg cm^3 s^-1]
# source file: Storey_Hummer/e1bx.d (MOCASSIN-format repackaging of the CDS tables), parsed by tools/fitting/make_sh95_lines.py (2026-07-12)
# grid: NT temperatures [K], ND densities [cm^-3]; then one block for each line: label nu nl lambda[A], NT x ND values (T rows, n_e columns)
GRID 11 13
T 3.0000e+02 5.0000e+02 1.0000e+03 3.0000e+03 5.0000e+03 7.5000e+03 1.0000e+04 1.2500e+04 1.5000e+04 2.0000e+04 3.0000e+04
NE 1.0000e+02 1.0000e+03 1.0000e+04 1.0000e+05 1.0000e+06 1.0000e+07 1.0000e+08 1.0000e+09 1.0000e+10 1.0000e+11 1.0000e+12 1.0000e+13 1.0000e+14
LINE Halpha 3 2 6564.6
6.7940e-24 7.0080e-24 7.4430e-24 8.3410e-24 1.0270e-23 1.4720e-23 2.6620e-23 6.7570e-23 2.6490e-22 1.6630e-21 1.5230e-20 1.7700e-19 1.6000e-18
4.5450e-24 4.6140e-24 4.7580e-24 5.0620e-24 5.7090e-24 7.1340e-24 1.0560e-23 2.0360e-23 5.6120e-23 2.3960e-22 1.6650e-21 1.7540e-20 1.7090e-19
2.6170e-24 2.6280e-24 2.6550e-24 2.7180e-24 2.8600e-24 3.1750e-24 3.8960e-24 5.7070e-24 1.0830e-23 2.8620e-23 1.1770e-22 8.5040e-22 7.9570e-21
1.0480e-24 1.0470e-24 1.0470e-24 1.0490e-24 1.0570e-24 1.0810e-24 1.1450e-24 1.3100e-24 1.7130e-24 2.6900e-24 5.5470e-24 1.7600e-23 8.5010e-23
6.6890e-25 6.6830e-25 6.6750e-25 6.6700e-25 6.6810e-25 6.7390e-25 6.9290e-25 7.4890e-25 8.8660e-25 1.1920e-24 1.9650e-24 4.5890e-24 1.4890e-23
4.6260e-25 4.6220e-25 4.6170e-25 4.6110e-25 4.6090e-25 4.6230e-25 4.6910e-25 4.9280e-25 5.5280e-25 6.7810e-25 9.7040e-25 1.8370e-24 4.3510e-24
3.5370e-25 3.5340e-25 3.5310e-25 3.5260e-25 3.5220e-25 3.5260e-25 3.5570e-25 3.6860e-25 4.0220e-25 4.6890e-25 6.1690e-25 1.0210e-24 1.9590e-24
2.8600e-25 2.8580e-25 2.8560e-25 2.8520e-25 2.8490e-25 2.8500e-25 2.8660e-25 2.9460e-25 3.1610e-25 3.5690e-25 4.4370e-25 6.6580e-25 1.1030e-24
2.3980e-25 2.3970e-25 2.3950e-25 2.3920e-25 2.3900e-25 2.3890e-25 2.3990e-25 2.4530e-25 2.6030e-25 2.8730e-25 3.4280e-25 4.7710e-25 7.0860e-25
1.8070e-25 1.8060e-25 1.8050e-25 1.8040e-25 1.8020e-25 1.8010e-25 1.8050e-25 1.8350e-25 1.9200e-25 2.0580e-25 2.3200e-25 2.8910e-25 3.6940e-25
1.1990e-25 1.1990e-25 1.1990e-25 1.1980e-25 1.1980e-25 1.1970e-25 1.1980e-25 1.2110e-25 1.2510e-25 1.3000e-25 1.3730e-25 1.4890e-25 1.6010e-25
LINE Hbeta 4 2 4862.7
1.6130e-24 1.7400e-24 1.9590e-24 2.3550e-24 3.1260e-24 4.8490e-24 9.6590e-24 2.6660e-23 1.0900e-22 7.3040e-22 8.0810e-21 9.4070e-20 3.1500e-19
1.1410e-24 1.1970e-24 1.2930e-24 1.4560e-24 1.7530e-24 2.3520e-24 3.8120e-24 8.0020e-24 2.3030e-23 1.0450e-22 8.6890e-22 9.8100e-21 3.7570e-20
7.1460e-25 7.3240e-25 7.6240e-25 8.1230e-25 8.9760e-25 1.0550e-24 1.4010e-24 2.2270e-24 4.4170e-24 1.2400e-23 6.0590e-23 5.0150e-22 1.9810e-21
3.2650e-25 3.2900e-25 3.3320e-25 3.4000e-25 3.5130e-25 3.7130e-25 4.1430e-25 5.0500e-25 6.8290e-25 1.1380e-24 2.8040e-24 1.0180e-23 2.1630e-23
2.2000e-25 2.2090e-25 2.2240e-25 2.2490e-25 2.2890e-25 2.3630e-25 2.5290e-25 2.8730e-25 3.4740e-25 4.9130e-25 9.5710e-25 2.4300e-24 3.7930e-24
1.5790e-25 1.5830e-25 1.5890e-25 1.6000e-25 1.6170e-25 1.6490e-25 1.7260e-25 1.8860e-25 2.1320e-25 2.7200e-25 4.5050e-25 8.9200e-25 1.1860e-24
1.2350e-25 1.2370e-25 1.2400e-25 1.2460e-25 1.2550e-25 1.2720e-25 1.3170e-25 1.4090e-25 1.5330e-25 1.8400e-25 2.7490e-25 4.6790e-25 5.7480e-25
1.0140e-25 1.0150e-25 1.0170e-25 1.0210e-25 1.0260e-25 1.0360e-25 1.0660e-25 1.1250e-25 1.1940e-25 1.3760e-25 1.9110e-25 2.9330e-25 3.4350e-25
8.6000e-26 8.6080e-26 8.6210e-26 8.6420e-26 8.6760e-26 8.7410e-26 8.9480e-26 9.3670e-26 9.7560e-26 1.0910e-25 1.4340e-25 2.0410e-25 2.3140e-25
6.5790e-26 6.5830e-26 6.5890e-26 6.5990e-26 6.6140e-26 6.6450e-26 6.7640e-26 7.0040e-26 7.1160e-26 7.6370e-26 9.2700e-26 1.1860e-25 1.2900e-25
4.4400e-26 4.4410e-26 4.4430e-26 4.4460e-26 4.4490e-26 4.4580e-26 4.5130e-26 4.6240e-26 4.5690e-26 4.6700e-26 5.1430e-26 5.8010e-26 6.0170e-26
LINE Hgamma 5 2 4341.7
6.6760e-25 7.2630e-25 8.2990e-25 1.0190e-24 1.3950e-24 2.2990e-24 5.0550e-24 1.4880e-23 6.4200e-23 4.9570e-22 6.3780e-21 3.7440e-20 5.7580e-20
4.7970e-25 5.0660e-25 5.5310e-25 6.3420e-25 7.8390e-25 1.1110e-24 1.9800e-24 4.4480e-24 1.3520e-23 7.0230e-23 7.0160e-22 4.2370e-21 6.9200e-21
3.0780e-25 3.1680e-25 3.3230e-25 3.5850e-25 4.0420e-25 4.9690e-25 7.1870e-25 1.2240e-24 2.5730e-24 8.2860e-24 4.9810e-23 2.2740e-22 3.6240e-22
1.4690e-25 1.4820e-25 1.5060e-25 1.5460e-25 1.6140e-25 1.7540e-25 2.0790e-25 2.6750e-25 3.8320e-25 7.3360e-25 2.1210e-24 4.2710e-24 5.2160e-24
1.0080e-25 1.0130e-25 1.0230e-25 1.0380e-25 1.0640e-25 1.1210e-25 1.2580e-25 1.4860e-25 1.8920e-25 3.0290e-25 6.5980e-25 1.0250e-24 1.1460e-24
7.3340e-26 7.3570e-26 7.3970e-26 7.4650e-26 7.5820e-26 7.8510e-26 8.5330e-26 9.5600e-26 1.1300e-25 1.6040e-25 2.8810e-25 3.9060e-25 4.1920e-25
5.7840e-26 5.7960e-26 5.8180e-26 5.8540e-26 5.9170e-26 6.0730e-26 6.4860e-26 7.0390e-26 7.9580e-26 1.0490e-25 1.6730e-25 2.1110e-25 2.2230e-25
4.7770e-26 4.7850e-26 4.7970e-26 4.8190e-26 4.8570e-26 4.9580e-26 5.2370e-26 5.5620e-26 6.0990e-26 7.6380e-26 1.1210e-25 1.3510e-25 1.4070e-25
4.0670e-26 4.0720e-26 4.0800e-26 4.0940e-26 4.1180e-26 4.1880e-26 4.3910e-26 4.5910e-26 4.9190e-26 5.9280e-26 8.1740e-26 9.5400e-26 9.8620e-26
3.1280e-26 3.1300e-26 3.1340e-26 3.1400e-26 3.1520e-26 3.1900e-26 3.3120e-26 3.3900e-26 3.5140e-26 4.0090e-26 5.0570e-26 5.6480e-26 5.7790e-26
2.1230e-26 2.1240e-26 2.1240e-26 2.1260e-26 2.1280e-26 2.1440e-26 2.2050e-26 2.2040e-26 2.1930e-26 2.3400e-26 2.6480e-26 2.8070e-26 2.8380e-26
LINE Hdelta 6 2 4102.9
3.5270e-25 3.8470e-25 4.4170e-25 5.4780e-25 7.7160e-25 1.3880e-24 3.3330e-24 1.0070e-23 4.6900e-23 4.3950e-22 4.4250e-21 1.1200e-20 1.2780e-20
2.5480e-25 2.6960e-25 2.9550e-25 3.4170e-25 4.3300e-25 6.6410e-25 1.2960e-24 3.0000e-24 9.8340e-24 6.2460e-23 5.0800e-22 1.2810e-21 1.4990e-21
1.6490e-25 1.7000e-25 1.7880e-25 1.9410e-25 2.2310e-25 2.9300e-25 4.6250e-25 8.1620e-25 1.8580e-24 7.3800e-24 3.5630e-23 7.1240e-23 8.3410e-23
7.9970e-26 8.0780e-26 8.2190e-26 8.4630e-26 8.9340e-26 1.0130e-25 1.2810e-25 1.7110e-25 2.6370e-25 6.0170e-25 1.2980e-24 1.6670e-24 1.7700e-24
5.5300e-26 5.5620e-26 5.6160e-26 5.7120e-26 5.9030e-26 6.4240e-26 7.5650e-26 9.2390e-26 1.2530e-25 2.3150e-25 3.9160e-25 4.5640e-25 4.7150e-25
4.0430e-26 4.0570e-26 4.0810e-26 4.1240e-26 4.2130e-26 4.4780e-26 5.0380e-26 5.7970e-26 7.2400e-26 1.1560e-25 1.6980e-25 1.8890e-25 1.9290e-25
3.1980e-26 3.2060e-26 3.2190e-26 3.2420e-26 3.2920e-26 3.4540e-26 3.7830e-26 4.1910e-26 4.9790e-26 7.2540e-26 9.8290e-26 1.0680e-25 1.0850e-25
2.6470e-26 2.6510e-26 2.6590e-26 2.6730e-26 2.7040e-26 2.8140e-26 3.0280e-26 3.2650e-26 3.7460e-26 5.1160e-26 6.5680e-26 7.0280e-26 7.1170e-26
2.2570e-26 2.2600e-26 2.2650e-26 2.2730e-26 2.2940e-26 2.3740e-26 2.5220e-26 2.6630e-26 2.9770e-26 3.8710e-26 4.7770e-26 5.0570e-26 5.1100e-26
1.7390e-26 1.7400e-26 1.7420e-26 1.7460e-26 1.7570e-26 1.8050e-26 1.8850e-26 1.9310e-26 2.0800e-26 2.5190e-26 2.9380e-26 3.0640e-26 3.0870e-26
1.1820e-26 1.1820e-26 1.1830e-26 1.1830e-26 1.1870e-26 1.2100e-26 1.2430e-26 1.2250e-26 1.2590e-26 1.3970e-26 1.5210e-26 1.5570e-26 1.5630e-26
LINE Palpha 4 3 18756.1
1.3510e-24 1.3440e-24 1.3540e-24 1.4120e-24 1.5850e-24 2.0410e-24 3.3050e-24 7.8250e-24 3.0570e-23 2.0290e-22 2.2410e-21 2.6050e-20 8.7140e-20
8.6220e-25 8.5000e-25 8.3880e-25 8.3820e-25 8.7060e-25 9.8520e-25 1.3120e-24 2.3570e-24 6.4610e-24 2.9020e-23 2.4080e-22 2.7160e-21 1.0390e-20
4.5800e-25 4.5030e-25 4.4000e-25 4.2890e-25 4.2190e-25 4.3050e-25 4.8020e-25 6.5680e-25 1.2400e-24 3.4430e-24 1.6790e-23 1.3880e-22 5.4830e-22
1.5510e-25 1.5320e-25 1.5030e-25 1.4630e-25 1.4130e-25 1.3660e-25 1.3490e-25 1.4600e-25 1.9090e-25 3.1580e-25 7.7650e-25 2.8180e-24 5.9860e-24
9.0320e-26 8.9490e-26 8.8170e-26 8.6230e-26 8.3680e-26 8.0810e-26 7.8560e-26 8.1160e-26 9.6500e-26 1.3620e-25 2.6510e-25 6.7250e-25 1.0500e-24
5.7850e-26 5.7440e-26 5.6790e-26 5.5800e-26 5.4440e-26 5.2790e-26 5.1200e-26 5.1880e-26 5.8760e-26 7.5340e-26 1.2470e-25 2.4690e-25 3.2820e-25
4.1830e-26 4.1600e-26 4.1210e-26 4.0630e-26 3.9800e-26 3.8760e-26 3.7650e-26 3.7890e-26 4.1940e-26 5.0920e-26 7.6110e-26 1.2950e-25 1.5910e-25
3.2390e-26 3.2240e-26 3.2000e-26 3.1610e-26 3.1070e-26 3.0370e-26 2.9580e-26 2.9680e-26 3.2440e-26 3.8020e-26 5.2890e-26 8.1170e-26 9.5060e-26
2.6220e-26 2.6110e-26 2.5950e-26 2.5680e-26 2.5310e-26 2.4810e-26 2.4220e-26 2.4290e-26 2.6350e-26 3.0130e-26 3.9700e-26 5.6470e-26 6.4040e-26
1.8700e-26 1.8640e-26 1.8560e-26 1.8420e-26 1.8220e-26 1.7940e-26 1.7590e-26 1.7650e-26 1.9010e-26 2.1040e-26 2.5650e-26 3.2820e-26 3.5680e-26
1.1520e-26 1.1500e-26 1.1470e-26 1.1420e-26 1.1350e-26 1.1250e-26 1.1100e-26 1.1160e-26 1.1980e-26 1.2820e-26 1.4220e-26 1.6050e-26 1.6650e-26
LINE Pbeta 5 3 12821.6
4.1760e-25 4.4080e-25 4.7820e-25 5.4260e-25 6.6600e-25 9.4220e-25 1.7170e-24 4.5410e-24 1.9060e-23 1.4640e-22 1.8810e-21 1.1030e-20 1.6950e-20
2.8420e-25 2.9290e-25 3.0650e-25 3.2870e-25 3.6900e-25 4.5460e-25 6.7620e-25 1.3600e-24 4.0110e-24 2.0720e-23 2.0680e-22 1.2480e-21 2.0370e-21
1.6590e-25 1.6790e-25 1.7080e-25 1.7530e-25 1.8310e-25 2.0010e-25 2.4570e-25 3.7490e-25 7.6360e-25 2.4440e-24 1.4680e-23 6.6980e-23 1.0670e-22
6.5300e-26 6.5350e-26 6.5370e-26 6.5300e-26 6.5210e-26 6.5620e-26 6.8980e-26 8.1520e-26 1.1370e-25 2.1640e-25 6.2470e-25 1.2580e-24 1.5360e-24
4.0480e-26 4.0460e-26 4.0380e-26 4.0220e-26 3.9950e-26 3.9690e-26 4.0450e-26 4.4880e-26 5.6060e-26 8.9330e-26 1.9440e-25 3.0200e-25 3.3740e-25
2.7110e-26 2.7080e-26 2.7020e-26 2.6900e-26 2.6690e-26 2.6420e-26 2.6560e-26 2.8540e-26 3.3410e-26 4.7300e-26 8.4870e-26 1.1500e-25 1.2350e-25
2.0170e-26 2.0150e-26 2.0100e-26 2.0020e-26 1.9870e-26 1.9660e-26 1.9660e-26 2.0800e-26 2.3490e-26 3.0930e-26 4.9280e-26 6.2160e-26 6.5480e-26
1.5930e-26 1.5920e-26 1.5890e-26 1.5830e-26 1.5720e-26 1.5560e-26 1.5520e-26 1.6280e-26 1.7970e-26 2.2510e-26 3.3010e-26 3.9790e-26 4.1440e-26
1.3090e-26 1.3080e-26 1.3060e-26 1.3020e-26 1.2940e-26 1.2810e-26 1.2770e-26 1.3320e-26 1.4470e-26 1.7470e-26 2.4080e-26 2.8100e-26 2.9040e-26
9.5430e-27 9.5370e-27 9.5250e-27 9.5000e-27 9.4550e-27 9.3760e-27 9.3360e-27 9.6850e-27 1.0300e-26 1.1800e-26 1.4890e-26 1.6630e-26 1.7020e-26
6.0360e-27 6.0340e-27 6.0290e-27 6.0200e-27 6.0030e-27 5.9660e-27 5.9430e-27 6.1420e-27 6.3960e-27 6.8850e-27 7.7990e-27 8.2650e-27 8.3590e-27
LINE Brgamma 7 4 21661.2
8.3360e-26 8.7890e-26 9.4800e-26 1.0630e-25 1.2860e-25 1.8200e-25 3.4610e-25 9.9010e-25 5.1830e-24 5.3250e-23 2.8140e-22 4.2260e-22 4.3960e-22
5.6310e-26 5.7940e-26 6.0280e-26 6.3890e-26 7.0710e-26 8.6900e-26 1.3480e-25 2.9400e-25 1.0860e-24 7.6670e-24 3.2760e-23 4.9050e-23 5.1960e-23
3.2320e-26 3.2630e-26 3.3010e-26 3.3510e-26 3.4490e-26 3.7430e-26 4.7680e-26 7.9040e-26 2.0360e-25 8.7410e-25 2.2730e-24 3.0140e-24 3.2030e-24
1.2090e-26 1.2080e-26 1.2030e-26 1.1920e-26 1.1740e-26 1.1660e-26 1.2550e-26 1.5800e-26 2.6990e-26 6.0630e-26 8.8820e-26 9.7340e-26 9.9370e-26
7.2570e-27 7.2400e-27 7.2020e-27 7.1260e-27 6.9930e-27 6.8480e-27 7.1000e-27 8.2690e-27 1.2210e-26 2.1980e-26 2.8370e-26 3.0010e-26 3.0350e-26
4.7200e-27 4.7090e-27 4.6860e-27 4.6400e-27 4.5560e-27 4.4460e-27 4.5340e-27 5.0490e-27 6.7700e-27 1.0560e-26 1.2740e-26 1.3260e-26 1.3360e-26
3.4360e-27 3.4290e-27 3.4130e-27 3.3840e-27 3.3280e-27 3.2490e-27 3.2920e-27 3.5780e-27 4.5220e-27 6.4690e-27 7.5130e-27 7.7560e-27 7.8000e-27
2.6680e-27 2.6630e-27 2.6530e-27 2.6320e-27 2.5930e-27 2.5340e-27 2.5620e-27 2.7420e-27 3.3270e-27 4.4800e-27 5.0740e-27 5.2110e-27 5.2350e-27
2.1610e-27 2.1580e-27 2.1500e-27 2.1360e-27 2.1070e-27 2.0620e-27 2.0840e-27 2.2070e-27 2.5970e-27 3.3420e-27 3.7160e-27 3.8010e-27 3.8160e-27
1.5400e-27 1.5380e-27 1.5340e-27 1.5260e-27 1.5090e-27 1.4810e-27 1.4980e-27 1.5660e-27 1.7650e-27 2.1270e-27 2.3030e-27 2.3430e-27 2.3490e-27
9.4390e-28 9.4310e-28 9.4170e-28 9.3860e-28 9.3130e-28 9.1790e-28 9.3220e-28 9.6320e-28 1.0300e-27 1.1450e-27 1.1990e-27 1.2100e-27 1.2120e-27
