# Storey & Hummer (1995, MNRAS 272, 41) H I case-A line emissivities 4 pi j / (n_e n_p) [erg cm^3 s^-1]
# source file: Storey_Hummer/data/e1a.d.gz (original CDS table), parsed by tools/fitting/make_sh95_lines.py (2026-07-13)
# grid: NT temperatures [K], ND densities [cm^-3]; then one block for each line: label nu nl lambda[A], NT x ND values (T rows, n_e columns)
GRID 10 9
T 5.0000e+02 1.0000e+03 3.0000e+03 5.0000e+03 7.5000e+03 1.0000e+04 1.2500e+04 1.5000e+04 2.0000e+04 3.0000e+04
NE 1.0000e+02 1.0000e+03 1.0000e+04 1.0000e+05 1.0000e+06 1.0000e+07 1.0000e+08 1.0000e+09 1.0000e+10
LINE Halpha 3 2 6564.6
3.6230e-24 3.6110e-24 3.6160e-24 3.6750e-24 3.8710e-24 4.3800e-24 5.5540e-24 8.4140e-24 1.7610e-23
2.0300e-24 2.0120e-24 1.9880e-24 1.9640e-24 1.9570e-24 2.0030e-24 2.1550e-24 2.5330e-24 3.7040e-24
7.6130e-25 7.5490e-25 7.4480e-25 7.2990e-25 7.1010e-25 6.8720e-25 6.6090e-25 6.3080e-25 6.5710e-25
4.6720e-25 4.6400e-25 4.5870e-25 4.5060e-25 4.3880e-25 4.2320e-25 4.0140e-25 3.6790e-25 3.5310e-25
3.1220e-25 3.1040e-25 3.0750e-25 3.0290e-25 2.9590e-25 2.8590e-25 2.7060e-25 2.4400e-25 2.2470e-25
2.3260e-25 2.3150e-25 2.2970e-25 2.2660e-25 2.2200e-25 2.1510e-25 2.0390e-25 1.8270e-25 1.6500e-25
1.8440e-25 1.8360e-25 1.8230e-25 1.8020e-25 1.7690e-25 1.7180e-25 1.6320e-25 1.4590e-25 1.3020e-25
1.5200e-25 1.5150e-25 1.5050e-25 1.4890e-25 1.4650e-25 1.4260e-25 1.3580e-25 1.2120e-25 1.0740e-25
1.1160e-25 1.1130e-25 1.1070e-25 1.0980e-25 1.0820e-25 1.0580e-25 1.0110e-25 9.0210e-26 7.9210e-26
7.1600e-26 7.1440e-26 7.1170e-26 7.0710e-26 6.9960e-26 6.8720e-26 6.6080e-26 5.9020e-26 5.1260e-26
LINE Hbeta 4 2 4862.7
8.5820e-25 8.9080e-25 9.4330e-25 1.0280e-24 1.1740e-24 1.4390e-24 1.9980e-24 3.4930e-24 8.9070e-24
5.3000e-25 5.3920e-25 5.5360e-25 5.7570e-25 6.1030e-25 6.6680e-25 7.7220e-25 1.0360e-24 1.8380e-24
2.3300e-25 2.3380e-25 2.3500e-25 2.3640e-25 2.3810e-25 2.3940e-25 2.3990e-25 2.5270e-25 3.1230e-25
1.5300e-25 1.5320e-25 1.5340e-25 1.5340e-25 1.5310e-25 1.5180e-25 1.4760e-25 1.4650e-25 1.6390e-25
1.0730e-25 1.0730e-25 1.0730e-25 1.0710e-25 1.0650e-25 1.0500e-25 1.0070e-25 9.6810e-26 1.0250e-25
8.2450e-26 8.2430e-26 8.2350e-26 8.2130e-26 8.1620e-26 8.0300e-26 7.6590e-26 7.2370e-26 7.4390e-26
6.6750e-26 6.6720e-26 6.6640e-26 6.6450e-26 6.6010e-26 6.4900e-26 6.1720e-26 5.7710e-26 5.8260e-26
5.5920e-26 5.5890e-26 5.5820e-26 5.5650e-26 5.5290e-26 5.4360e-26 5.1600e-26 4.7900e-26 4.7770e-26
4.1970e-26 4.1940e-26 4.1890e-26 4.1770e-26 4.1500e-26 4.0820e-26 3.8700e-26 3.5580e-26 3.4950e-26
2.7580e-26 2.7570e-26 2.7530e-26 2.7460e-26 2.7310e-26 2.6900e-26 2.5490e-26 2.3160e-26 2.2430e-26
LINE Hgamma 5 2 4341.7
3.5300e-25 3.6970e-25 3.9740e-25 4.4300e-25 5.2080e-25 6.7010e-25 1.0400e-24 2.0950e-24 6.1200e-24
2.2480e-25 2.3010e-25 2.3870e-25 2.5230e-25 2.7370e-25 3.1020e-25 3.9570e-25 6.1000e-25 1.2490e-24
1.0440e-25 1.0510e-25 1.0610e-25 1.0770e-25 1.0980e-25 1.1240e-25 1.1970e-25 1.4230e-25 2.0270e-25
7.0320e-26 7.0530e-26 7.0850e-26 7.1290e-26 7.1750e-26 7.1810e-26 7.2920e-26 8.0460e-26 1.0290e-25
5.0220e-26 5.0290e-26 5.0400e-26 5.0510e-26 5.0540e-26 5.0030e-26 4.9420e-26 5.2180e-26 6.2500e-26
3.9030e-26 3.9060e-26 3.9100e-26 3.9120e-26 3.9040e-26 3.8450e-26 3.7410e-26 3.8520e-26 4.4430e-26
3.1860e-26 3.1870e-26 3.1880e-26 3.1870e-26 3.1760e-26 3.1200e-26 3.0050e-26 3.0440e-26 3.4250e-26
2.6850e-26 2.6850e-26 2.6850e-26 2.6830e-26 2.6720e-26 2.6200e-26 2.5070e-26 2.5100e-26 2.7740e-26
2.0320e-26 2.0320e-26 2.0310e-26 2.0280e-26 2.0190e-26 1.9760e-26 1.8730e-26 1.8460e-26 1.9920e-26
1.3480e-26 1.3470e-26 1.3460e-26 1.3440e-26 1.3370e-26 1.3080e-26 1.2270e-26 1.1880e-26 1.2480e-26
LINE Hdelta 6 2 4102.9
1.8600e-25 1.9530e-25 2.1100e-25 2.3760e-25 2.8500e-25 3.9700e-25 6.9300e-25 1.5380e-24 5.0170e-24
1.1980e-25 1.2290e-25 1.2800e-25 1.3620e-25 1.5000e-25 1.8080e-25 2.5830e-25 4.4100e-25 1.0160e-24
5.6900e-26 5.7320e-26 5.8010e-26 5.9080e-26 6.0630e-26 6.4020e-26 7.4640e-26 9.7990e-26 1.5660e-25
3.8720e-26 3.8860e-26 3.9090e-26 3.9430e-26 3.9830e-26 4.0590e-26 4.4400e-26 5.3820e-26 7.6410e-26
2.7860e-26 2.7920e-26 2.8000e-26 2.8110e-26 2.8170e-26 2.8140e-26 2.9560e-26 3.4070e-26 4.4850e-26
2.1760e-26 2.1790e-26 2.1820e-26 2.1860e-26 2.1830e-26 2.1570e-26 2.2110e-26 2.4730e-26 3.1120e-26
1.7820e-26 1.7830e-26 1.7850e-26 1.7860e-26 1.7790e-26 1.7470e-26 1.7620e-26 1.9300e-26 2.3550e-26
1.5060e-26 1.5060e-26 1.5070e-26 1.5070e-26 1.4990e-26 1.4650e-26 1.4600e-26 1.5750e-26 1.8800e-26
1.1430e-26 1.1430e-26 1.1430e-26 1.1420e-26 1.1350e-26 1.1030e-26 1.0810e-26 1.1420e-26 1.3200e-26
7.6100e-27 7.6090e-27 7.6060e-27 7.5950e-27 7.5360e-27 7.2800e-27 7.0010e-27 7.2200e-27 8.0350e-27
LINE Palpha 4 3 18756.1
8.2270e-25 8.0180e-25 7.7630e-25 7.5250e-25 7.4490e-25 7.8090e-25 9.1190e-25 1.2840e-24 2.6970e-24
4.3520e-25 4.2400e-25 4.0820e-25 3.8830e-25 3.6740e-25 3.5190e-25 3.5080e-25 3.8560e-25 5.6050e-25
1.4480e-25 1.4210e-25 1.3790e-25 1.3190e-25 1.2390e-25 1.1420e-25 1.0340e-25 9.3640e-26 9.6120e-26
8.3130e-26 8.1920e-26 7.9980e-26 7.7040e-26 7.2930e-26 6.7590e-26 6.0770e-26 5.3380e-26 5.0460e-26
5.2510e-26 5.1890e-26 5.0880e-26 4.9310e-26 4.7040e-26 4.3950e-26 3.9660e-26 3.4560e-26 3.1460e-26
3.7540e-26 3.7160e-26 3.6540e-26 3.5560e-26 3.4120e-26 3.2090e-26 2.9120e-26 2.5380e-26 2.2760e-26
2.8790e-26 2.8530e-26 2.8110e-26 2.7440e-26 2.6450e-26 2.5010e-26 2.2810e-26 1.9920e-26 1.7760e-26
2.3100e-26 2.2920e-26 2.2610e-26 2.2130e-26 2.1400e-26 2.0330e-26 1.8620e-26 1.6310e-26 1.4510e-26
1.6240e-26 1.6140e-26 1.5960e-26 1.5670e-26 1.5230e-26 1.4570e-26 1.3440e-26 1.1830e-26 1.0540e-26
9.7980e-27 9.7490e-27 9.6680e-27 9.5360e-27 9.3300e-27 9.0050e-27 8.3900e-27 7.4380e-27 6.6800e-27
LINE Pbeta 5 3 12821.6
2.6530e-25 2.7080e-25 2.7860e-25 2.9030e-25 3.1070e-25 3.5180e-25 4.4370e-25 7.0730e-25 1.8560e-24
1.5420e-25 1.5500e-25 1.5570e-25 1.5620e-25 1.5710e-25 1.6010e-25 1.7010e-25 2.0820e-25 3.7950e-25
5.9590e-26 5.9380e-26 5.8910e-26 5.7990e-26 5.6410e-26 5.3880e-26 5.0450e-26 4.9060e-26 6.1800e-26
3.6430e-26 3.6280e-26 3.5970e-26 3.5390e-26 3.4370e-26 3.2630e-26 2.9930e-26 2.7700e-26 3.1390e-26
2.4050e-26 2.3960e-26 2.3770e-26 2.3410e-26 2.2780e-26 2.1640e-26 1.9720e-26 1.7860e-26 1.9060e-26
1.7690e-26 1.7630e-26 1.7500e-26 1.7260e-26 1.6830e-26 1.6020e-26 1.4580e-26 1.3100e-26 1.3550e-26
1.3840e-26 1.3800e-26 1.3710e-26 1.3540e-26 1.3220e-26 1.2620e-26 1.1480e-26 1.0290e-26 1.0430e-26
1.1280e-26 1.1250e-26 1.1180e-26 1.1050e-26 1.0810e-26 1.0340e-26 9.4170e-27 8.4320e-27 8.4430e-27
8.1100e-27 8.0880e-27 8.0460e-27 7.9660e-27 7.8170e-27 7.5000e-27 6.8440e-27 6.1350e-27 6.0510e-27
5.0250e-27 5.0140e-27 4.9940e-27 4.9550e-27 4.8800e-27 4.7060e-27 4.3060e-27 3.8790e-27 3.7800e-27
LINE Brgamma 7 4 21661.2
5.4240e-26 5.5320e-26 5.6650e-26 5.8400e-26 6.1490e-26 6.7610e-26 8.5410e-26 1.6710e-25 6.1830e-25
3.1110e-26 3.1210e-26 3.1200e-26 3.0990e-26 3.0630e-26 3.0230e-26 3.1800e-26 4.7380e-26 1.2460e-25
1.1540e-26 1.1480e-26 1.1340e-26 1.1070e-26 1.0580e-26 9.7450e-27 8.8650e-27 1.0060e-26 1.8020e-26
6.8690e-27 6.8290e-27 6.7480e-27 6.5910e-27 6.2950e-27 5.7560e-27 5.1030e-27 5.3700e-27 8.3770e-27
4.4310e-27 4.4070e-27 4.3590e-27 4.2670e-27 4.0860e-27 3.7380e-27 3.2880e-27 3.3170e-27 4.7210e-27
3.2030e-27 3.1870e-27 3.1550e-27 3.0950e-27 2.9720e-27 2.7260e-27 2.3970e-27 2.3650e-27 3.1830e-27
2.4720e-27 2.4610e-27 2.4390e-27 2.3960e-27 2.3060e-27 2.1210e-27 1.8690e-27 1.8210e-27 2.3570e-27
1.9920e-27 1.9840e-27 1.9670e-27 1.9350e-27 1.8670e-27 1.7210e-27 1.5210e-27 1.4700e-27 1.8480e-27
1.4070e-27 1.4010e-27 1.3910e-27 1.3720e-27 1.3280e-27 1.2290e-27 1.0930e-27 1.0470e-27 1.2630e-27
8.5010e-28 8.4760e-28 8.4290e-28 8.3320e-28 8.1030e-28 7.5400e-28 6.7760e-28 6.4570e-28 7.4120e-28
