# Storey & Hummer (1995, MNRAS 272, 41) He II (Z=2) case-A line emissivities 4 pi j / (n_e n_HeIII) [erg cm^3 s^-1]
# source file: Storey_Hummer/data/e2a.d.gz (original CDS table), parsed by tools/fitting/make_sh95_lines.py (2026-07-13)
# grid: NT temperatures [K], ND densities [cm^-3]; then one block for each line: label nu nl lambda[A], NT x ND values (T rows, n_e columns)
GRID 12 9
T 5.0000e+02 1.0000e+03 3.0000e+03 5.0000e+03 7.5000e+03 1.0000e+04 1.2500e+04 1.5000e+04 2.0000e+04 3.0000e+04 5.0000e+04 1.0000e+05
NE 1.0000e+02 1.0000e+03 1.0000e+04 1.0000e+05 1.0000e+06 1.0000e+07 1.0000e+08 1.0000e+09 1.0000e+10
LINE HeII1640 3 2 1640.4
8.5950e-23 8.7310e-23 9.0140e-23 9.6160e-23 1.0920e-22 1.3810e-22 2.0910e-22 4.1430e-22 1.1770e-21
5.0510e-23 5.0600e-23 5.0920e-23 5.1820e-23 5.4100e-23 5.9440e-23 7.1890e-23 1.0210e-22 1.8380e-22
2.0910e-23 2.0830e-23 2.0700e-23 2.0540e-23 2.0390e-23 2.0370e-23 2.0800e-23 2.2310e-23 2.6050e-23
1.3540e-23 1.3480e-23 1.3390e-23 1.3260e-23 1.3080e-23 1.2880e-23 1.2750e-23 1.2890e-23 1.3560e-23
9.4600e-24 9.4250e-24 9.3660e-24 9.2740e-24 9.1380e-24 8.9580e-24 8.7610e-24 8.6200e-24 8.6100e-24
7.2790e-24 7.2540e-24 7.2130e-24 7.1450e-24 7.0430e-24 6.8980e-24 6.7190e-24 6.5390e-24 6.3750e-24
5.9120e-24 5.8940e-24 5.8630e-24 5.8120e-24 5.7320e-24 5.6150e-24 5.4620e-24 5.2880e-24 5.0900e-24
4.9730e-24 4.9590e-24 4.9350e-24 4.8940e-24 4.8300e-24 4.7350e-24 4.6050e-24 4.4480e-24 4.2490e-24
3.7640e-24 3.7550e-24 3.7390e-24 3.7120e-24 3.6680e-24 3.6010e-24 3.5050e-24 3.3800e-24 3.2060e-24
2.5120e-24 2.5070e-24 2.4990e-24 2.4840e-24 2.4590e-24 2.4210e-24 2.3630e-24 2.2830e-24 2.1570e-24
1.4820e-24 1.4790e-24 1.4760e-24 1.4690e-24 1.4580e-24 1.4410e-24 1.4130e-24 1.3720e-24 1.3000e-24
7.0240e-25 7.0180e-25 7.0070e-25 6.9880e-25 6.9550e-25 6.9010e-25 6.8140e-25 6.6720e-25 6.3800e-25
LINE HeII4686 4 3 4687.0
2.1840e-23 2.1850e-23 2.2030e-23 2.2690e-23 2.4540e-23 2.9190e-23 4.0980e-23 7.4600e-23 1.9620e-22
1.2340e-23 1.2220e-23 1.2070e-23 1.1930e-23 1.1950e-23 1.2420e-23 1.4010e-23 1.8350e-23 3.0520e-23
4.6860e-24 4.6320e-24 4.5490e-24 4.4270e-24 4.2670e-24 4.0890e-24 3.9470e-24 3.9480e-24 4.2770e-24
2.8820e-24 2.8540e-24 2.8080e-24 2.7370e-24 2.6350e-24 2.5050e-24 2.3630e-24 2.2430e-24 2.1990e-24
1.9240e-24 1.9080e-24 1.8810e-24 1.8380e-24 1.7740e-24 1.6870e-24 1.5820e-24 1.4720e-24 1.3770e-24
1.4300e-24 1.4190e-24 1.4010e-24 1.3720e-24 1.3280e-24 1.2660e-24 1.1870e-24 1.0980e-24 1.0060e-24
1.1290e-24 1.1210e-24 1.1080e-24 1.0870e-24 1.0550e-24 1.0090e-24 9.4730e-25 8.7450e-25 7.9360e-25
9.2710e-25 9.2130e-25 9.1160e-25 8.9570e-25 8.7080e-25 8.3440e-25 7.8550e-25 7.2550e-25 6.5510e-25
6.7470e-25 6.7110e-25 6.6490e-25 6.5480e-25 6.3860e-25 6.1450e-25 5.8120e-25 5.3840e-25 4.8460e-25
4.2510e-25 4.2320e-25 4.2010e-25 4.1490e-25 4.0640e-25 3.9350e-25 3.7500e-25 3.5000e-25 3.1560e-25
2.3240e-25 2.3160e-25 2.3040e-25 2.2820e-25 2.2470e-25 2.1910e-25 2.1100e-25 1.9920e-25 1.8130e-25
9.9120e-26 9.8910e-26 9.8560e-26 9.7970e-26 9.6990e-26 9.5410e-26 9.3000e-26 8.9260e-26 8.2530e-26
LINE HeII3204 5 3 3204.0
5.4160e-24 5.6810e-24 6.1240e-24 6.8720e-24 8.2050e-24 1.0820e-23 1.6800e-23 3.3630e-23 9.7120e-23
3.3820e-24 3.4610e-24 3.5870e-24 3.7860e-24 4.1100e-24 4.6710e-24 5.7720e-24 8.2560e-24 1.5010e-23
1.5330e-24 1.5410e-24 1.5530e-24 1.5680e-24 1.5890e-24 1.6180e-24 1.6710e-24 1.7900e-24 2.0860e-24
1.0250e-24 1.0260e-24 1.0280e-24 1.0300e-24 1.0300e-24 1.0270e-24 1.0230e-24 1.0280e-24 1.0720e-24
7.2850e-25 7.2870e-25 7.2850e-25 7.2710e-25 7.2310e-25 7.1460e-25 7.0100e-25 6.8320e-25 6.7170e-25
5.6490e-25 5.6460e-25 5.6390e-25 5.6210e-25 5.5780e-25 5.4940e-25 5.3550e-25 5.1500e-25 4.9210e-25
4.6030e-25 4.5990e-25 4.5910e-25 4.5730e-25 4.5340e-25 4.4600e-25 4.3350e-25 4.1410e-25 3.8920e-25
3.8740e-25 3.8710e-25 3.8630e-25 3.8470e-25 3.8120e-25 3.7480e-25 3.6390e-25 3.4630e-25 3.2210e-25
2.9250e-25 2.9220e-25 2.9160e-25 2.9030e-25 2.8770e-25 2.8280e-25 2.7450e-25 2.6040e-25 2.3950e-25
1.9320e-25 1.9300e-25 1.9260e-25 1.9170e-25 1.9010e-25 1.8720e-25 1.8190e-25 1.7250e-25 1.5730e-25
1.1110e-25 1.1100e-25 1.1080e-25 1.1040e-25 1.0970e-25 1.0820e-25 1.0560e-25 1.0060e-25 9.1450e-26
5.0080e-26 5.0050e-26 4.9980e-26 4.9850e-26 4.9610e-26 4.9150e-26 4.8280e-26 4.6340e-26 4.2250e-26
LINE HeII10126 5 4 10126.4
7.6460e-24 7.5310e-24 7.4140e-24 7.3860e-24 7.6500e-24 8.6360e-24 1.1440e-23 1.9610e-23 4.8480e-23
4.1780e-24 4.0860e-24 3.9590e-24 3.8080e-24 3.6750e-24 3.6470e-24 3.9000e-24 4.8170e-24 7.5170e-24
1.4760e-24 1.4480e-24 1.4040e-24 1.3420e-24 1.2590e-24 1.1650e-24 1.0780e-24 1.0250e-24 1.0470e-24
8.7220e-25 8.5830e-25 8.3610e-25 8.0270e-25 7.5640e-25 6.9830e-25 6.3490e-25 5.7630e-25 5.3470e-25
5.6280e-25 5.5520e-25 5.4290e-25 5.2380e-25 4.9650e-25 4.6040e-25 4.1810e-25 3.7360e-25 3.3200e-25
4.0780e-25 4.0300e-25 3.9510e-25 3.8270e-25 3.6440e-25 3.3970e-25 3.0950e-25 2.7580e-25 2.4090e-25
3.1570e-25 3.1230e-25 3.0680e-25 2.9800e-25 2.8490e-25 2.6680e-25 2.4410e-25 2.1770e-25 1.8880e-25
2.5510e-25 2.5260e-25 2.4850e-25 2.4190e-25 2.3200e-25 2.1820e-25 2.0040e-25 1.7920e-25 1.5500e-25
1.8100e-25 1.7940e-25 1.7690e-25 1.7280e-25 1.6650e-25 1.5760e-25 1.4590e-25 1.3120e-25 1.1350e-25
1.1000e-25 1.0920e-25 1.0800e-25 1.0590e-25 1.0280e-25 9.8150e-26 9.1850e-26 8.3560e-26 7.2850e-26
5.7540e-26 5.7240e-26 5.6740e-26 5.5930e-26 5.4650e-26 5.2740e-26 5.0050e-26 4.6270e-26 4.0970e-26
2.3190e-26 2.3110e-26 2.2980e-26 2.2760e-26 2.2420e-26 2.1890e-26 2.1120e-26 1.9940e-26 1.8060e-26
LINE HeII5413 7 4 5413.0
1.1090e-24 1.1670e-24 1.2630e-24 1.4200e-24 1.6900e-24 2.2050e-24 3.3880e-24 6.6410e-24 1.9280e-23
6.9330e-25 7.1070e-25 7.3810e-25 7.7950e-25 8.4250e-25 9.4760e-25 1.1560e-24 1.6170e-24 2.9410e-24
3.1130e-25 3.1300e-25 3.1530e-25 3.1790e-25 3.2050e-25 3.2290e-25 3.2840e-25 3.4230e-25 3.9470e-25
2.0550e-25 2.0580e-25 2.0610e-25 2.0610e-25 2.0510e-25 2.0240e-25 1.9830e-25 1.9330e-25 1.9780e-25
1.4410e-25 1.4410e-25 1.4400e-25 1.4340e-25 1.4190e-25 1.3900e-25 1.3390e-25 1.2630e-25 1.2120e-25
1.1040e-25 1.1030e-25 1.1010e-25 1.0950e-25 1.0820e-25 1.0560e-25 1.0120e-25 9.3980e-26 8.7290e-26
8.9040e-26 8.8950e-26 8.8720e-26 8.8200e-26 8.7080e-26 8.4920e-26 8.1110e-26 7.4760e-26 6.8120e-26
7.4270e-26 7.4180e-26 7.3970e-26 7.3510e-26 7.2570e-26 7.0770e-26 6.7510e-26 6.1950e-26 5.5770e-26
5.5210e-26 5.5140e-26 5.4980e-26 5.4630e-26 5.3950e-26 5.2640e-26 5.0220e-26 4.5900e-26 4.0770e-26
3.5620e-26 3.5570e-26 3.5470e-26 3.5260e-26 3.4850e-26 3.4080e-26 3.2590e-26 2.9770e-26 2.6200e-26
1.9860e-26 1.9840e-26 1.9790e-26 1.9690e-26 1.9500e-26 1.9140e-26 1.8390e-26 1.6880e-26 1.4860e-26
8.5720e-27 8.5650e-27 8.5500e-27 8.5200e-27 8.4630e-27 8.3490e-27 8.0870e-27 7.4860e-27 6.6870e-27
LINE HeII4543 9 4 4542.9
4.0460e-25 4.2900e-25 4.7070e-25 5.4200e-25 6.6980e-25 9.3570e-25 1.5940e-24 3.4260e-24 1.2690e-23
2.5950e-25 2.6750e-25 2.8080e-25 3.0220e-25 3.3710e-25 4.0130e-25 5.3700e-25 8.2150e-25 1.9040e-24
1.2300e-25 1.2400e-25 1.2580e-25 1.2830e-25 1.3200e-25 1.3780e-25 1.4920e-25 1.6710e-25 2.4110e-25
8.3530e-26 8.3870e-26 8.4400e-26 8.5120e-26 8.6000e-26 8.7170e-26 8.9410e-26 9.2250e-26 1.1600e-25
5.9940e-26 6.0050e-26 6.0220e-26 6.0390e-26 6.0490e-26 6.0400e-26 6.0140e-26 5.9240e-26 6.8570e-26
4.6660e-26 4.6700e-26 4.6750e-26 4.6770e-26 4.6660e-26 4.6260e-26 4.5350e-26 4.3580e-26 4.8120e-26
3.8080e-26 3.8090e-26 3.8100e-26 3.8060e-26 3.7890e-26 3.7420e-26 3.6350e-26 3.4390e-26 3.6820e-26
3.2060e-26 3.2060e-26 3.2050e-26 3.1990e-26 3.1810e-26 3.1340e-26 3.0260e-26 2.8340e-26 2.9680e-26
2.4170e-26 2.4160e-26 2.4140e-26 2.4080e-26 2.3910e-26 2.3510e-26 2.2540e-26 2.0840e-26 2.1200e-26
1.5880e-26 1.5870e-26 1.5850e-26 1.5800e-26 1.5680e-26 1.5400e-26 1.4670e-26 1.3420e-26 1.3230e-26
9.0300e-27 9.0240e-27 9.0110e-27 8.9830e-27 8.9220e-27 8.7640e-27 8.3300e-27 7.5840e-27 7.2880e-27
3.9800e-27 3.9780e-27 3.9730e-27 3.9640e-27 3.9420e-27 3.8820e-27 3.6920e-27 3.3740e-27 3.1970e-27
