# tabulated Planck B_E (arbitrary normalization); shape = E^3/(exp(E*ev2erg/(kB*T))-1)
# col1 = E [eV]; col2 = B_E(5e4 K); col3 = B_E(3.5e4 K)
1.00000000e+01 1.08874663e+02 3.76814340e+01
1.00602786e+01 1.09150224e+02 3.75797609e+01
1.01209205e+01 1.09418823e+02 3.74742569e+01
1.01819280e+01 1.09680345e+02 3.73649258e+01
1.02433032e+01 1.09934678e+02 3.72517727e+01
1.03050483e+01 1.10181708e+02 3.71348037e+01
1.03671657e+01 1.10421322e+02 3.70140267e+01
1.04296575e+01 1.10653408e+02 3.68894508e+01
1.04925260e+01 1.10877854e+02 3.67610864e+01
1.05557734e+01 1.11094549e+02 3.66289453e+01
1.06194021e+01 1.11303383e+02 3.64930408e+01
1.06834144e+01 1.11504246e+02 3.63533876e+01
1.07478125e+01 1.11697029e+02 3.62100018e+01
1.08125988e+01 1.11881623e+02 3.60629010e+01
1.08777756e+01 1.12057923e+02 3.59121039e+01
1.09433453e+01 1.12225821e+02 3.57576312e+01
1.10093102e+01 1.12385212e+02 3.55995047e+01
1.10756727e+01 1.12535992e+02 3.54377476e+01
1.11424353e+01 1.12678059e+02 3.52723848e+01
1.12096003e+01 1.12811309e+02 3.51034425e+01
1.12771702e+01 1.12935644e+02 3.49309484e+01
1.13451474e+01 1.13050962e+02 3.47549318e+01
1.14135343e+01 1.13157167e+02 3.45754232e+01
1.14823335e+01 1.13254162e+02 3.43924548e+01
1.15515473e+01 1.13341852e+02 3.42060602e+01
1.16211784e+01 1.13420144e+02 3.40162744e+01
1.16912292e+01 1.13488946e+02 3.38231340e+01
1.17617023e+01 1.13548167e+02 3.36266769e+01
1.18326001e+01 1.13597720e+02 3.34269425e+01
1.19039254e+01 1.13637518e+02 3.32239716e+01
1.19756805e+01 1.13667476e+02 3.30178067e+01
1.20478682e+01 1.13687512e+02 3.28084914e+01
1.21204911e+01 1.13697545e+02 3.25960707e+01
1.21935516e+01 1.13697497e+02 3.23805914e+01
1.22670526e+01 1.13687291e+02 3.21621012e+01
1.23409967e+01 1.13666853e+02 3.19406496e+01
1.24153865e+01 1.13636112e+02 3.17162871e+01
1.24902246e+01 1.13594997e+02 3.14890657e+01
1.25655139e+01 1.13543441e+02 3.12590389e+01
1.26412571e+01 1.13481381e+02 3.10262612e+01
1.27174567e+01 1.13408753e+02 3.07907887e+01
1.27941158e+01 1.13325499e+02 3.05526785e+01
1.28712369e+01 1.13231562e+02 3.03119890e+01
1.29488228e+01 1.13126887e+02 3.00687800e+01
1.30268765e+01 1.13011423e+02 2.98231124e+01
1.31054007e+01 1.12885122e+02 2.95750482e+01
1.31843981e+01 1.12747939e+02 2.93246507e+01
1.32638718e+01 1.12599831e+02 2.90719841e+01
1.33438245e+01 1.12440759e+02 2.88171140e+01
1.34242592e+01 1.12270686e+02 2.85601067e+01
1.35051787e+01 1.12089580e+02 2.83010299e+01
1.35865860e+01 1.11897410e+02 2.80399521e+01
1.36684840e+01 1.11694151e+02 2.77769426e+01
1.37508757e+01 1.11479778e+02 2.75120721e+01
1.38337640e+01 1.11254272e+02 2.72454118e+01
1.39171520e+01 1.11017617e+02 2.69770339e+01
1.40010426e+01 1.10769800e+02 2.67070113e+01
1.40854389e+01 1.10510812e+02 2.64354180e+01
1.41703439e+01 1.10240647e+02 2.61623285e+01
1.42557607e+01 1.09959303e+02 2.58878180e+01
1.43416924e+01 1.09666782e+02 2.56119624e+01
1.44281421e+01 1.09363090e+02 2.53348383e+01
1.45151129e+01 1.09048236e+02 2.50565228e+01
1.46026079e+01 1.08722234e+02 2.47770936e+01
1.46906303e+01 1.08385099e+02 2.44966289e+01
1.47791834e+01 1.08036855e+02 2.42152072e+01
1.48682702e+01 1.07677524e+02 2.39329076e+01
1.49578940e+01 1.07307138e+02 2.36498096e+01
1.50480580e+01 1.06925728e+02 2.33659927e+01
1.51387656e+01 1.06533333e+02 2.30815369e+01
1.52300199e+01 1.06129993e+02 2.27965224e+01
1.53218243e+01 1.05715753e+02 2.25110296e+01
1.54141821e+01 1.05290665e+02 2.22251390e+01
1.55070966e+01 1.04854780e+02 2.19389310e+01
1.56005711e+01 1.04408158e+02 2.16524861e+01
1.56946091e+01 1.03950861e+02 2.13658851e+01
1.57892140e+01 1.03482955e+02 2.10792082e+01
1.58843891e+01 1.03004510e+02 2.07925359e+01
1.59801380e+01 1.02515603e+02 2.05059482e+01
1.60764640e+01 1.02016312e+02 2.02195252e+01
1.61733706e+01 1.01506721e+02 1.99333463e+01
1.62708614e+01 1.00986917e+02 1.96474910e+01
1.63689398e+01 1.00456994e+02 1.93620381e+01
1.64676094e+01 9.99170466e+01 1.90770662e+01
1.65668739e+01 9.93671765e+01 1.87926532e+01
1.66667366e+01 9.88074883e+01 1.85088767e+01
1.67672013e+01 9.82380914e+01 1.82258135e+01
1.68682716e+01 9.76590991e+01 1.79435400e+01
1.69699512e+01 9.70706291e+01 1.76621316e+01
1.70722436e+01 9.64728032e+01 1.73816634e+01
1.71751526e+01 9.58657476e+01 1.71022093e+01
1.72786820e+01 9.52495922e+01 1.68238427e+01
1.73828355e+01 9.46244714e+01 1.65466359e+01
1.74876167e+01 9.39905234e+01 1.62706605e+01
1.75930296e+01 9.33478906e+01 1.59959869e+01
1.76990778e+01 9.26967195e+01 1.57226847e+01
1.78057654e+01 9.20371601e+01 1.54508223e+01
1.79130960e+01 9.13693667e+01 1.51804671e+01
1.80210736e+01 9.06934973e+01 1.49116854e+01
1.81297020e+01 9.00097137e+01 1.46445422e+01
1.82389853e+01 8.93181814e+01 1.43791013e+01
1.83489273e+01 8.86190696e+01 1.41154254e+01
1.84595320e+01 8.79125510e+01 1.38535758e+01
1.85708034e+01 8.71988020e+01 1.35936124e+01
1.86827456e+01 8.64780023e+01 1.33355938e+01
1.87953625e+01 8.57503351e+01 1.30795772e+01
1.89086583e+01 8.50159868e+01 1.28256184e+01
1.90226370e+01 8.42751470e+01 1.25737717e+01
1.91373027e+01 8.35280086e+01 1.23240899e+01
1.92526597e+01 8.27747674e+01 1.20766242e+01
1.93687119e+01 8.20156221e+01 1.18314246e+01
1.94854638e+01 8.12507744e+01 1.15885389e+01
1.96029194e+01 8.04804287e+01 1.13480139e+01
1.97210830e+01 7.97047920e+01 1.11098945e+01
1.98399589e+01 7.89240739e+01 1.08742239e+01
1.99595513e+01 7.81384865e+01 1.06410437e+01
2.00798646e+01 7.73482441e+01 1.04103940e+01
2.02009032e+01 7.65535634e+01 1.01823128e+01
2.03226714e+01 7.57546630e+01 9.95683667e+00
2.04451735e+01 7.49517636e+01 9.73400046e+00
2.05684141e+01 7.41450878e+01 9.51383717e+00
2.06923976e+01 7.33348599e+01 9.29637807e+00
2.08171284e+01 7.25213057e+01 9.08165270e+00
2.09426111e+01 7.17046527e+01 8.86968880e+00
2.10688502e+01 7.08851297e+01 8.66051235e+00
2.11958502e+01 7.00629666e+01 8.45414757e+00
2.13236157e+01 6.92383945e+01 8.25061689e+00
2.14521515e+01 6.84116454e+01 8.04994095e+00
2.15814620e+01 6.75829523e+01 7.85213864e+00
2.17115520e+01 6.67525487e+01 7.65722706e+00
2.18424261e+01 6.59206686e+01 7.46522155e+00
2.19740891e+01 6.50875465e+01 7.27613570e+00
2.21065458e+01 6.42534172e+01 7.08998134e+00
2.22398009e+01 6.34185156e+01 6.90676856e+00
2.23738593e+01 6.25830764e+01 6.72650573e+00
2.25087257e+01 6.17473344e+01 6.54919948e+00
2.26444051e+01 6.09115238e+01 6.37485477e+00
2.27809023e+01 6.00758785e+01 6.20347487e+00
2.29182224e+01 5.92406318e+01 6.03506137e+00
2.30563701e+01 5.84060161e+01 5.86961422e+00
2.31953506e+01 5.75722630e+01 5.70713176e+00
2.33351689e+01 5.67396030e+01 5.54761071e+00
2.34758300e+01 5.59082654e+01 5.39104623e+00
2.36173389e+01 5.50784782e+01 5.23743190e+00
2.37597009e+01 5.42504678e+01 5.08675979e+00
2.39029210e+01 5.34244590e+01 4.93902047e+00
2.40470044e+01 5.26006749e+01 4.79420304e+00
2.41919563e+01 5.17793365e+01 4.65229516e+00
2.43377820e+01 5.09606629e+01 4.51328308e+00
2.44844866e+01 5.01448710e+01 4.37715166e+00
2.46320756e+01 4.93321751e+01 4.24388444e+00
2.47805543e+01 4.85227873e+01 4.11346364e+00
2.49299279e+01 4.77169168e+01 3.98587020e+00
2.50802020e+01 4.69147704e+01 3.86108383e+00
2.52313819e+01 4.61165517e+01 3.73908303e+00
2.53834730e+01 4.53224614e+01 3.61984515e+00
2.55364810e+01 4.45326971e+01 3.50334641e+00
2.56904113e+01 4.37474530e+01 3.38956193e+00
2.58452694e+01 4.29669201e+01 3.27846581e+00
2.60010610e+01 4.21912857e+01 3.17003111e+00
2.61577917e+01 4.14207337e+01 3.06422994e+00
2.63154671e+01 4.06554440e+01 2.96103350e+00
2.64740930e+01 3.98955929e+01 2.86041208e+00
2.66336751e+01 3.91413526e+01 2.76233514e+00
2.67942191e+01 3.83928913e+01 2.66677134e+00
2.69557308e+01 3.76503731e+01 2.57368857e+00
2.71182161e+01 3.69139578e+01 2.48305402e+00
2.72816808e+01 3.61838009e+01 2.39483418e+00
2.74461309e+01 3.54600535e+01 2.30899494e+00
2.76115723e+01 3.47428621e+01 2.22550157e+00
2.77780109e+01 3.40323688e+01 2.14431880e+00
2.79454528e+01 3.33287110e+01 2.06541086e+00
2.81139040e+01 3.26320212e+01 1.98874150e+00
2.82833706e+01 3.19424273e+01 1.91427407e+00
2.84538587e+01 3.12600524e+01 1.84197151e+00
2.86253745e+01 3.05850146e+01 1.77179642e+00
2.87979242e+01 2.99174271e+01 1.70371111e+00
2.89715140e+01 2.92573980e+01 1.63767762e+00
2.91461501e+01 2.86050305e+01 1.57365777e+00
2.93218390e+01 2.79604227e+01 1.51161317e+00
2.94985869e+01 2.73236676e+01 1.45150533e+00
2.96764001e+01 2.66948530e+01 1.39329559e+00
2.98552852e+01 2.60740618e+01 1.33694527e+00
3.00352486e+01 2.54613713e+01 1.28241561e+00
3.02162968e+01 2.48568541e+01 1.22966787e+00
3.03984364e+01 2.42605773e+01 1.17866333e+00
3.05816738e+01 2.36726029e+01 1.12936335e+00
3.07660158e+01 2.30929878e+01 1.08172936e+00
3.09514689e+01 2.25217836e+01 1.03572294e+00
3.11380400e+01 2.19590370e+01 9.91305824e-01
3.13257356e+01 2.14047892e+01 9.48439933e-01
3.15145627e+01 2.08590765e+01 9.07087405e-01
3.17045280e+01 2.03219302e+01 8.67210626e-01
3.18956384e+01 1.97933764e+01 8.28772253e-01
3.20879007e+01 1.92734361e+01 7.91735241e-01
3.22813220e+01 1.87621256e+01 7.56062869e-01
3.24759092e+01 1.82594561e+01 7.21718762e-01
3.26716694e+01 1.77654339e+01 6.88666916e-01
3.28686096e+01 1.72800605e+01 6.56871715e-01
3.30667368e+01 1.68033328e+01 6.26297959e-01
3.32660584e+01 1.63352428e+01 5.96910876e-01
3.34665815e+01 1.58757780e+01 5.68676144e-01
3.36683133e+01 1.54249212e+01 5.41559908e-01
3.38712611e+01 1.49826509e+01 5.15528796e-01
3.40754322e+01 1.45489412e+01 4.90549935e-01
3.42808340e+01 1.41237616e+01 4.66590964e-01
3.44874740e+01 1.37070777e+01 4.43620047e-01
3.46953596e+01 1.32988509e+01 4.21605886e-01
3.49044983e+01 1.28990383e+01 4.00517731e-01
3.51148976e+01 1.25075934e+01 3.80325391e-01
3.53265652e+01 1.21244656e+01 3.60999241e-01
3.55395087e+01 1.17496007e+01 3.42510234e-01
3.57537358e+01 1.13829407e+01 3.24829903e-01
3.59692542e+01 1.10244242e+01 3.07930369e-01
3.61860718e+01 1.06739863e+01 2.91784348e-01
3.64041962e+01 1.03315588e+01 2.76365154e-01
3.66236356e+01 9.99707028e+00 2.61646698e-01
3.68443976e+01 9.67044625e+00 2.47603500e-01
3.70664904e+01 9.35160922e+00 2.34210680e-01
3.72899219e+01 9.04047885e+00 2.21443965e-01
3.75147002e+01 8.73697206e+00 2.09279689e-01
3.77408335e+01 8.44100316e+00 1.97694788e-01
3.79683299e+01 8.15248393e+00 1.86666803e-01
3.81971975e+01 7.87132380e+00 1.76173875e-01
3.84274448e+01 7.59742995e+00 1.66194742e-01
3.86590800e+01 7.33070739e+00 1.56708737e-01
3.88921114e+01 7.07105915e+00 1.47695783e-01
3.91265475e+01 6.81838636e+00 1.39136386e-01
3.93623967e+01 6.57258839e+00 1.31011635e-01
3.95996677e+01 6.33356296e+00 1.23303189e-01
3.98383688e+01 6.10120627e+00 1.15993275e-01
4.00785088e+01 5.87541312e+00 1.09064680e-01
4.03200964e+01 5.65607704e+00 1.02500744e-01
4.05631401e+01 5.44309037e+00 9.62853516e-02
4.08076490e+01 5.23634444e+00 9.04029226e-02
4.10536317e+01 5.03572964e+00 8.48384054e-02
4.13010971e+01 4.84113555e+00 7.95772672e-02
4.15500542e+01 4.65245106e+00 7.46054842e-02
4.18005120e+01 4.46956449e+00 6.99095330e-02
4.20524796e+01 4.29236366e+00 6.54763801e-02
4.23059659e+01 4.12073605e+00 6.12934719e-02
4.25609802e+01 3.95456889e+00 5.73487249e-02
4.28175318e+01 3.79374926e+00 5.36305150e-02
4.30756297e+01 3.63816417e+00 5.01276667e-02
4.33352835e+01 3.48770071e+00 4.68294430e-02
4.35965024e+01 3.34224612e+00 4.37255342e-02
4.38592959e+01 3.20168788e+00 4.08060471e-02
4.41236735e+01 3.06591382e+00 3.80614941e-02
4.43896447e+01 2.93481221e+00 3.54827823e-02
4.46572192e+01 2.80827183e+00 3.30612026e-02
4.49264065e+01 2.68618205e+00 3.07884185e-02
4.51972165e+01 2.56843297e+00 2.86564553e-02
4.54696589e+01 2.45491541e+00 2.66576893e-02
4.57437435e+01 2.34552108e+00 2.47848368e-02
4.60194802e+01 2.24014256e+00 2.30309433e-02
4.62968791e+01 2.13867346e+00 2.13893732e-02
4.65759501e+01 2.04100842e+00 1.98537988e-02
4.68567033e+01 1.94704320e+00 1.84181901e-02
4.71391488e+01 1.85667474e+00 1.70768041e-02
4.74232969e+01 1.76980123e+00 1.58241755e-02
4.77091578e+01 1.68632214e+00 1.46551055e-02
4.79967418e+01 1.60613829e+00 1.35646531e-02
4.82860593e+01 1.52915189e+00 1.25481245e-02
4.85771208e+01 1.45526657e+00 1.16010641e-02
4.88699367e+01 1.38438748e+00 1.07192450e-02
4.91645177e+01 1.31642124e+00 9.89866021e-03
4.94608744e+01 1.25127608e+00 9.13551313e-03
4.97590175e+01 1.18886176e+00 8.42620938e-03
5.00589578e+01 1.12908971e+00 7.76734806e-03
5.03607061e+01 1.07187297e+00 7.15571355e-03
5.06642732e+01 1.01712627e+00 6.58826741e-03
5.09696702e+01 9.64766006e-01 6.06214055e-03
5.12769081e+01 9.14710316e-01 5.57462564e-03
5.15859980e+01 8.66879042e-01 5.12316969e-03
5.18969511e+01 8.21193769e-01 4.70536689e-03
5.22097785e+01 7.77577832e-01 4.31895167e-03
5.25244916e+01 7.35956320e-01 3.96179201e-03
5.28411017e+01 6.96256087e-01 3.63188289e-03
5.31596204e+01 6.58405749e-01 3.32734008e-03
5.34800590e+01 6.22335689e-01 3.04639407e-03
5.38024292e+01 5.87978054e-01 2.78738423e-03
5.41267425e+01 5.55266751e-01 2.54875322e-03
5.44530108e+01 5.24137439e-01 2.32904158e-03
5.47812458e+01 4.94527524e-01 2.12688252e-03
5.51114593e+01 4.66376149e-01 1.94099701e-03
5.54436634e+01 4.39624180e-01 1.77018889e-03
5.57778699e+01 4.14214193e-01 1.61334042e-03
5.61140909e+01 3.90090459e-01 1.46940777e-03
5.64523387e+01 3.67198927e-01 1.33741695e-03
5.67926253e+01 3.45487208e-01 1.21645969e-03
5.71349632e+01 3.24904550e-01 1.10568969e-03
5.74793646e+01 3.05401820e-01 1.00431895e-03
5.78258420e+01 2.86931481e-01 9.11614296e-04
5.81744079e+01 2.69447570e-01 8.26894041e-04
5.85250749e+01 2.52905668e-01 7.49524875e-04
5.88778558e+01 2.37262881e-01 6.78918855e-04
5.92327631e+01 2.22477808e-01 6.14530561e-04
5.95898097e+01 2.08510515e-01 5.55854403e-04
5.99490086e+01 1.95322509e-01 5.02422070e-04
6.03103727e+01 1.82876704e-01 4.53800104e-04
6.06739150e+01 1.71137397e-01 4.09587619e-04
6.10396487e+01 1.60070234e-01 3.69414131e-04
6.14075870e+01 1.49642180e-01 3.32937520e-04
6.17777432e+01 1.39821489e-01 2.99842104e-04
6.21501306e+01 1.30577672e-01 2.69836818e-04
6.25247628e+01 1.21881465e-01 2.42653508e-04
6.29016531e+01 1.13704798e-01 2.18045321e-04
6.32808153e+01 1.06020764e-01 1.95785191e-04
6.36622631e+01 9.88035829e-02 1.75664419e-04
6.40460101e+01 9.20285755e-02 1.57491341e-04
6.44320703e+01 8.56721270e-02 1.41090079e-04
6.48204576e+01 7.97116571e-02 1.26299369e-04
6.52111861e+01 7.41255876e-02 1.12971469e-04
6.56042699e+01 6.88933119e-02 1.00971133e-04
6.59997230e+01 6.39951626e-02 9.01746568e-05
6.63975600e+01 5.94123816e-02 8.04689849e-05
6.67977950e+01 5.51270889e-02 7.17508806e-05
6.72004426e+01 5.11222526e-02 6.39261509e-05
6.76055173e+01 4.73816591e-02 5.69089257e-05
6.80130337e+01 4.38898838e-02 5.06209890e-05
6.84230066e+01 4.06322619e-02 4.49911559e-05
6.88354507e+01 3.75948603e-02 3.99546960e-05
6.92503810e+01 3.47644497e-02 3.54527983e-05
6.96678124e+01 3.21284770e-02 3.14320756e-05
7.00877600e+01 2.96750389e-02 2.78441062e-05
7.05102391e+01 2.73928552e-02 2.46450100e-05
7.09352647e+01 2.52712438e-02 2.17950574e-05
7.13628524e+01 2.33000951e-02 1.92583078e-05
7.17930175e+01 2.14698484e-02 1.70022773e-05
7.22257756e+01 1.97714673e-02 1.49976321e-05
7.26611423e+01 1.81964174e-02 1.32179064e-05
7.30991333e+01 1.67366432e-02 1.16392438e-05
7.35397644e+01 1.53845469e-02 1.02401588e-05
7.39830516e+01 1.41329670e-02 9.00131915e-06
7.44290109e+01 1.29751577e-02 7.90534575e-06
7.48776584e+01 1.19047695e-02 6.93662948e-06
7.53290102e+01 1.09158295e-02 6.08116394e-06
7.57830828e+01 1.00027236e-02 5.32639248e-06
7.62398924e+01 9.16017778e-03 4.66106860e-06
7.66994556e+01 8.38324174e-03 4.07512867e-06
7.71617890e+01 7.66727173e-03 3.55957599e-06
7.76269092e+01 7.00791483e-03 3.10637526e-06
7.80948332e+01 6.40109359e-03 2.70835667e-06
7.85655777e+01 5.84299127e-03 2.35912878e-06
7.90391598e+01 5.33003771e-03 2.05299952e-06
7.95155966e+01 4.85889582e-03 1.78490452e-06
7.99949053e+01 4.42644852e-03 1.55034231e-06
8.04771032e+01 4.02978643e-03 1.34531560e-06
8.09622077e+01 3.66619591e-03 1.16627838e-06
8.14502363e+01 3.33314775e-03 1.01008800e-06
8.19412067e+01 3.02828640e-03 8.73962111e-07
8.24351366e+01 2.74941958e-03 7.55439776e-07
8.29320439e+01 2.49450854e-03 6.52346555e-07
8.34319464e+01 2.26165865e-03 5.62763078e-07
8.39348623e+01 2.04911054e-03 4.84996849e-07
8.44408097e+01 1.85523170e-03 4.17556954e-07
8.49498069e+01 1.67850840e-03 3.59131397e-07
8.54618722e+01 1.51753818e-03 3.08566826e-07
8.59770242e+01 1.37102260e-03 2.64850400e-07
8.64952814e+01 1.23776045e-03 2.27093600e-07
8.70166626e+01 1.11664135e-03 1.94517788e-07
8.75411867e+01 1.00663965e-03 1.66441341e-07
8.80688725e+01 9.06808670e-04 1.42268193e-07
8.85997391e+01 8.16275356e-04 1.21477657e-07
8.91338057e+01 7.34235133e-04 1.03615380e-07
8.96710915e+01 6.59947137e-04 8.82853174e-08
9.02116161e+01 5.92729704e-04 7.51426302e-08
9.07553989e+01 5.31956135e-04 6.38873893e-08
9.13024595e+01 4.77050725e-04 5.42590145e-08
9.18528177e+01 4.27485033e-04 4.60313622e-08
9.24064934e+01 3.82774397e-04 3.90083928e-08
9.29635065e+01 3.42474661e-04 3.30203529e-08
9.35238773e+01 3.06179125e-04 2.79204165e-08
9.40876259e+01 2.73515687e-04 2.35817313e-08
9.46547727e+01 2.44144182e-04 1.98948268e-08
9.52253382e+01 2.17753894e-04 1.67653402e-08
9.57993429e+01 1.94061247e-04 1.41120252e-08
9.63768077e+01 1.72807644e-04 1.18650096e-08
9.69577534e+01 1.53757470e-04 9.96427307e-09
9.75422009e+01 1.36696227e-04 8.35831824e-09
9.81301714e+01 1.21428808e-04 7.00301248e-09
9.87216861e+01 1.07777895e-04 5.86057941e-09
9.93167663e+01 9.55824739e-05 4.89872195e-09
9.99154336e+01 8.46964638e-05 4.08986066e-09
1.00517710e+02 7.49874440e-05 3.41047293e-09
1.01123616e+02 6.63354823e-05 2.84052059e-09
1.01733175e+02 5.86320521e-05 2.36295454e-09
1.02346408e+02 5.17790337e-05 1.96328663e-09
1.02963337e+02 4.56877950e-05 1.62922019e-09
1.03583986e+02 4.02783454e-05 1.35033144e-09
1.04208375e+02 3.54785572e-05 1.11779527e-09
1.04836528e+02 3.12234517e-05 9.24149440e-10
1.05468468e+02 2.74545430e-05 7.63092035e-10
1.06104217e+02 2.41192373e-05 6.29307822e-10
1.06743798e+02 2.11702826e-05 5.18319474e-10
1.07387234e+02 1.85652645e-05 4.26360323e-10
1.08034549e+02 1.62661467e-05 3.50265654e-10
1.08685766e+02 1.42388507e-05 2.87379955e-10
1.09340909e+02 1.24528718e-05 2.35477899e-10
1.10000000e+02 1.08809308e-05 1.92697104e-10
